  0.0000000e+00   4.3840455e-30   2.4592199e-30   4.4927362e-25   8.2703829e-33   4.6392517e-33   8.4754249e-28   8.2737078e+01   2.5000000e+03   9.6058373e+02   7.8530195e+01   5.2339172e+01   3.2229051e+01
  1.0000000e-02   2.7381696e+00   2.5000000e+03   9.4794107e+02   5.7325412e-02   5.2339172e+01   1.9845780e+01   8.2737078e+01   2.5000000e+03   9.6058373e+02   7.8530195e+01   5.2339172e+01   3.2229051e+01
  2.0000000e-02   7.1203644e-30   6.8931288e-30   1.4123976e-29   1.3870352e-30   1.3427701e-30   2.7513271e-30   7.9998908e+01   2.5657581e-28   1.2642655e+01   7.8472869e+01   2.4867359e-28   1.2383270e+01
  3.0000000e-02   2.3552340e-30   2.7279501e-30   4.9841203e-30   1.1776170e-30   1.3639750e-30   2.4920601e-30   7.9998908e+01   2.4968269e-28   1.2642655e+01   7.8472869e+01   2.4733082e-28   1.2383270e+01
  4.0000000e-02   1.9520857e+00   2.0028297e-30   3.9798244e-01   1.4297281e+00   1.4668936e-30   2.9148653e-01   7.9998908e+01   2.4695474e-28   1.2642655e+01   7.8472869e+01   2.4596684e-28   1.2383270e+01
  5.0000000e-02   1.3643686e-30   2.8884266e-31   1.1992662e-31   1.1688114e-30   2.4744237e-31   1.0273734e-31   7.8046823e+01   2.4495191e-28   1.2244673e+01   7.7043141e+01   2.4449995e-28   1.2091784e+01
  6.0000000e-02   2.5632222e+00   3.9355980e-31   3.4293076e-01   2.3550622e+00   3.6159869e-31   3.1508125e-01   7.8046823e+01   2.4466306e-28   1.2244673e+01   7.7043141e+01   2.4425251e-28   1.2091784e+01
  7.0000000e-02   6.4151676e-31   6.0881700e-31   6.9814042e-31   6.1007791e-31   5.7898068e-31   6.6392662e-31   7.5483601e+01   2.4426950e-28   1.1901742e+01   7.4688079e+01   2.4389091e-28   1.1776703e+01
  8.0000000e-02   6.7411012e-30   1.6132567e-30   6.5769895e-30   6.5302203e-30   1.5627895e-30   6.3712424e-30   7.5483601e+01   2.4366069e-28   1.1901742e+01   7.4688079e+01   2.4331193e-28   1.1776703e+01
  9.0000000e-02   2.7527543e+01   5.4407066e-31   4.3026314e+00   2.6951236e+01   5.3268018e-31   4.2125529e+00   7.5483601e+01   2.4204743e-28   1.1901742e+01   7.4688079e+01   2.4174914e-28   1.1776703e+01
  1.0000000e-01   3.4409915e-31   3.8703981e-31   8.2157560e-31   3.3908460e-31   3.8139948e-31   8.0960278e-31   4.7956057e+01   2.4150336e-28   7.5991106e+00   4.7736843e+01   2.4121646e-28   7.5641496e+00
  1.1000000e-01   1.7689673e+01   4.8512682e-30   2.8227164e+00   1.7504238e+01   4.8004138e-30   2.7931267e+00   4.7956057e+01   2.4111632e-28   7.5991106e+00   4.7736843e+01   2.4083506e-28   7.5641496e+00
  1.2000000e-01   1.6030547e-30   9.9150267e-31   1.7964894e-31   1.5906279e-30   9.8381660e-31   1.7825631e-31   3.0266384e+01   2.3626505e-28   4.7763943e+00   3.0232605e+01   2.3603464e-28   4.7710230e+00
  1.3000000e-01   3.8448584e-30   4.2568492e-30   1.9995432e-30   3.8222929e-30   4.2318656e-30   1.9878078e-30   3.0266384e+01   2.3527355e-28   4.7763943e+00   3.0232605e+01   2.3505083e-28   4.7710230e+00
  1.4000000e-01   2.2108028e+00   1.1119603e-31   3.7325007e-01   2.2007785e+00   1.1069184e-31   3.7155767e-01   3.0266384e+01   2.3101670e-28   4.7763943e+00   3.0232605e+01   2.3081896e-28   4.7710230e+00
  1.5000000e-01   5.2840393e-30   5.0779363e-30   6.2205662e-30   5.2652020e-30   5.0598337e-30   6.1983902e-30   2.8055581e+01   2.3090550e-28   4.4031442e+00   2.8031827e+01   2.3070827e-28   4.3994653e+00
  1.6000000e-01   2.3962315e+00   3.4375739e-30   3.5685882e-01   2.3894113e+00   3.4277899e-30   3.5584313e-01   2.8055581e+01   2.2582757e-28   4.4031442e+00   2.8031827e+01   2.2564844e-28   4.3994653e+00
  1.7000000e-01   8.8760021e-30   5.6043605e-30   7.2510346e-30   8.8555580e-30   5.5914519e-30   7.2343332e-30   2.5659350e+01   2.2238999e-28   4.0462854e+00   2.5642416e+01   2.2222065e-28   4.0436222e+00
  1.8000000e-01   1.6203492e-29   2.1571605e-29   1.5943329e-29   1.6172925e-29   2.1530911e-29   1.5913252e-29   2.5659350e+01   2.1678563e-28   4.0462854e+00   2.5642416e+01   2.1662919e-28   4.0436222e+00
  1.9000000e-01   5.0706301e+00   1.9706058e-29   7.8283455e-01   5.0627111e+00   1.9675282e-29   7.8161197e-01   2.5659350e+01   1.9521403e-28   4.0462854e+00   2.5642416e+01   1.9509828e-28   4.0436222e+00
  2.0000000e-01   1.3212451e-29   1.1269533e-29   1.2559613e-29   1.3195203e-29   1.1254822e-29   1.2543217e-29   2.0588720e+01   1.7550797e-28   3.2634508e+00   2.0579704e+01   1.7542300e-28   3.2620102e+00
  2.1000000e-01   3.7784365e+00   2.9333752e-29   6.1095826e-01   3.7742775e+00   2.9301463e-29   6.1028576e-01   2.0588720e+01   1.6423844e-28   3.2634508e+00   2.0579704e+01   1.6416818e-28   3.2620102e+00
  2.2000000e-01   1.0633352e-29   1.1464709e-29   9.3625095e-30   1.0623404e-29   1.1453984e-29   9.3537510e-30   1.6810283e+01   1.3490468e-28   2.6524926e+00   1.6805427e+01   1.3486671e-28   2.6517244e+00
  2.3000000e-01   7.8398410e-30   6.1178469e-30   5.2632565e-30   7.8335628e-30   6.1129477e-30   5.2590416e-30   1.6810283e+01   1.2343998e-28   2.6524926e+00   1.6805427e+01   1.2341273e-28   2.6517244e+00
  2.4000000e-01   2.2599142e+00   5.0054132e-30   3.6880776e-01   2.2583548e+00   5.0019592e-30   3.6855326e-01   1.6810283e+01   1.1732213e-28   2.6524926e+00   1.6805427e+01   1.1729978e-28   2.6517244e+00
  2.5000000e-01   2.9157646e-30   4.0369418e-30   3.2541541e-30   2.9140203e-30   4.0345267e-30   3.2522073e-30   1.4550369e+01   1.1231671e-28   2.2836848e+00   1.4547072e+01   1.1229782e-28   2.2831712e+00
  2.6000000e-01   2.3542152e+00   1.9075162e-30   3.6048382e-01   2.3529874e+00   1.9065213e-30   3.6029581e-01   1.4550369e+01   1.0827977e-28   2.2836848e+00   1.4547072e+01   1.0826330e-28   2.2831712e+00
  2.7000000e-01   2.3282060e-30   3.9602273e-30   3.1169772e-30   2.3271419e-30   3.9584174e-30   3.1155526e-30   1.2196154e+01   1.0637226e-28   1.9232010e+00   1.2194085e+01   1.0635678e-28   1.9228754e+00
  2.8000000e-01   2.1441930e-30   1.8032114e-30   2.9098192e-30   2.1433301e-30   1.8024857e-30   2.9086482e-30   1.2196154e+01   1.0241203e-28   1.9232010e+00   1.2194085e+01   1.0239836e-28   1.9228754e+00
  2.9000000e-01   1.4265135e+00   7.3102574e-31   2.1602625e-01   1.4260058e+00   7.3076554e-31   2.1594936e-01   1.2196154e+01   1.0060882e-28   1.9232010e+00   1.2194085e+01   1.0059587e-28   1.9228754e+00
  3.0000000e-01   2.7189781e-30   1.7857944e-30   2.0818744e-30   2.7181185e-30   1.7852298e-30   2.0812162e-30   1.0769640e+01   9.9877793e-29   1.7071748e+00   1.0768079e+01   9.9865107e-29   1.7069260e+00
  3.1000000e-01   1.0350256e+00   5.6398509e-31   1.7112110e-01   1.0347339e+00   5.6382612e-31   1.7107287e-01   1.0769640e+01   9.8091998e-29   1.7071748e+00   1.0768079e+01   9.8079878e-29   1.7069260e+00
  3.2000000e-01   3.4371038e-30   3.2774020e-30   4.3075825e-30   3.4362369e-30   3.2765754e-30   4.3064960e-30   9.7346145e+00   9.7528013e-29   1.5360537e+00   9.7333451e+00   9.7516052e-29   1.5358531e+00
  3.3000000e-01   5.4675634e-32   4.6645386e-32   1.8116509e-32   5.4663251e-32   4.6634822e-32   1.8112406e-32   9.7346145e+00   9.4250611e-29   1.5360537e+00   9.7333451e+00   9.4239476e-29   1.5358531e+00
  3.4000000e-01   2.2839712e+00   2.5026068e-30   3.6665893e-01   2.2835052e+00   2.5020962e-30   3.6658413e-01   9.7346145e+00   9.4203966e-29   1.5360537e+00   9.7333451e+00   9.4192841e-29   1.5358531e+00
  3.5000000e-01   6.6667048e-32   1.1379348e-31   7.4890396e-32   6.6654759e-32   1.1377251e-31   7.4876591e-32   7.4506432e+00   9.1701359e-29   1.1693947e+00   7.4498399e+00   9.1690745e-29   1.1692690e+00
  3.6000000e-01   2.3319962e+00   1.2139799e-29   3.6242134e-01   2.3316067e+00   1.2137771e-29   3.6236080e-01   7.4506432e+00   9.1587565e-29   1.1693947e+00   7.4498399e+00   9.1576973e-29   1.1692690e+00
  3.7000000e-01   1.8285194e-30   2.6852701e-30   1.2090021e-30   1.8282419e-30   2.6848626e-30   1.2088186e-30   5.1186470e+00   7.9447766e-29   8.0697339e-01   5.1182332e+00   7.9439201e-29   8.0690822e-01
  3.8000000e-01   5.3498087e-30   6.3976591e-30   5.4937355e-30   5.3490692e-30   6.3967747e-30   5.4929761e-30   5.1186470e+00   7.6762496e-29   8.0697339e-01   5.1182332e+00   7.6754339e-29   8.0690822e-01
  3.9000000e-01   3.1657760e-01   1.6556072e-30   4.5745426e-02   3.1653764e-01   1.6553983e-30   4.5739651e-02   5.1186470e+00   7.0364837e-29   8.0697339e-01   5.1182332e+00   7.0357564e-29   8.0690822e-01
  4.0000000e-01   4.0172335e-29   3.7590924e-29   4.0117974e-29   4.0167695e-29   3.7586582e-29   4.0113339e-29   4.8020694e+00   6.8709230e-29   7.6122796e-01   4.8016955e+00   6.8702166e-29   7.6116857e-01
  4.1000000e-01   1.8151916e-01   3.0691781e-30   3.1973357e-02   1.8149993e-01   3.0688529e-30   3.1969970e-02   4.8020694e+00   3.1118306e-29   7.6122796e-01   4.8016955e+00   3.1115584e-29   7.6116857e-01
  4.2000000e-01   1.2655876e-29   1.0295067e-29   1.2905399e-29   1.2654643e-29   1.0294065e-29   1.2904142e-29   4.6205503e+00   2.8049128e-29   7.2925460e-01   4.6201956e+00   2.8046731e-29   7.2919860e-01
  4.3000000e-01   1.8011663e-30   1.6556930e-30   2.6602410e-30   1.8010048e-30   1.6555445e-30   2.6600024e-30   4.6205503e+00   1.7754060e-29   7.2925460e-01   4.6201956e+00   1.7752666e-29   7.2919860e-01
  4.4000000e-01   2.3008116e+00   1.1363214e-29   3.6516514e-01   2.3006212e+00   1.1362273e-29   3.6513492e-01   4.6205503e+00   1.6098367e-29   7.2925460e-01   4.6201956e+00   1.6097122e-29   7.2919860e-01
  4.5000000e-01   4.0375186e-31   5.1369188e-31   2.8464034e-31   4.0372097e-31   5.1365259e-31   2.8461857e-31   2.3197386e+00   4.7351535e-30   3.6408946e-01   2.3195744e+00   4.7348485e-30   3.6406367e-01
  4.6000000e-01   2.3157377e+00   8.9455599e-31   3.6384826e-01   2.3155737e+00   8.9449262e-31   3.6382249e-01   2.3197386e+00   4.2214616e-30   3.6408946e-01   2.3195744e+00   4.2211960e-30   3.6406367e-01
  4.7000000e-01   4.6893017e-31   1.5678220e-30   3.3382571e-32   4.6889936e-31   1.5677190e-30   3.3380378e-32   4.0009401e-03   3.3269056e-30   2.4119732e-04   4.0007130e-03   3.3267033e-30   2.4118362e-04
  4.8000000e-01   1.5055715e-31   2.8201521e-31   3.2681277e-31   1.5054796e-31   2.8199800e-31   3.2679283e-31   4.0009401e-03   1.7590837e-30   2.4119732e-04   4.0007130e-03   1.7589844e-30   2.4118362e-04
  4.9000000e-01   4.0009401e-03   1.0146527e-30   2.4119732e-04   4.0007130e-03   1.0145951e-30   2.4118362e-04   4.0009401e-03   1.4770684e-30   2.4119732e-04   4.0007130e-03   1.4769864e-30   2.4118362e-04
  5.0000000e-01   3.8783715e-31   4.6241578e-31   1.1725871e-31   3.8781663e-31   4.6239131e-31   1.1725251e-31   3.8783715e-31   4.6241578e-31   1.1725871e-31   3.8781663e-31   4.6239131e-31   1.1725251e-31
