  0.0000000e+00  -1.0974572e-16   7.1804912e-15   6.7076956e-16   1.0843779e-16   1.8467971e-11  -1.1102230e-16  -4.9056398e-16  -6.3742657e-15  -8.4057243e-17   3.2728122e-15
  1.0000000e+00   5.9031663e-01   2.3289516e-01   2.3289516e-01   1.3319184e-01   2.3289516e-01   5.8008028e-01   5.8008028e-01   5.8008028e-01   3.3535768e-01   5.8008028e-01
  2.0000000e+00   9.4696481e-01   3.7865008e-01   3.7865008e-01   2.1530155e-01   3.7865008e-01   9.3239305e-01   9.3239305e-01   9.3239305e-01   5.3256409e-01   9.3239305e-01
  3.0000000e+00   9.5515238e-01   3.7683228e-01   3.7683228e-01   2.1550893e-01   3.7683228e-01   9.3858961e-01   9.3858961e-01   9.3858961e-01   5.4262012e-01   9.3858961e-01
  4.0000000e+00   5.8525644e-01   2.3401862e-01   2.3401862e-01   1.3306368e-01   2.3401862e-01   5.7625059e-01   5.7625059e-01   5.7625059e-01   3.2914271e-01   5.7625059e-01
  5.0000000e+00   1.7763568e-16   7.5051076e-15   6.6613381e-16   1.3322676e-16   1.4885515e-11   1.4802974e-16   4.8780911e-16  -4.9119350e-15   2.6645353e-16   3.8420339e-15
  6.0000000e+00  -5.8525644e-01  -2.3401862e-01  -2.3401862e-01  -1.3306368e-01  -2.3401862e-01  -5.7625059e-01  -5.7625059e-01  -5.7625059e-01  -3.2914271e-01  -5.7625059e-01
  7.0000000e+00  -9.5515238e-01  -3.7683228e-01  -3.7683228e-01  -2.1550893e-01  -3.7683228e-01  -9.3858961e-01  -9.3858961e-01  -9.3858961e-01  -5.4262012e-01  -9.3858961e-01
  8.0000000e+00  -9.4696481e-01  -3.7865008e-01  -3.7865008e-01  -2.1530155e-01  -3.7865008e-01  -9.3239305e-01  -9.3239305e-01  -9.3239305e-01  -5.3256409e-01  -9.3239305e-01
  9.0000000e+00  -5.9031663e-01  -2.3289516e-01  -2.3289516e-01  -1.3319184e-01  -2.3289516e-01  -5.8008028e-01  -5.8008028e-01  -5.8008028e-01  -3.3535768e-01  -5.8008028e-01
  1.0000000e+01  -1.0974572e-16   7.1804912e-15   6.7076956e-16   1.0843779e-16   1.8467971e-11  -1.1102230e-16  -4.9056398e-16  -6.3742657e-15  -8.4057243e-17   3.2728122e-15
