  0.0000000e+00   5.3008978e+02
  1.0000000e-02   4.7765372e+01
  2.0000000e-02   5.1335139e+00
  3.0000000e-02   2.0000000e+00
  4.0000000e-02   1.3653545e+00
  5.0000000e-02   1.1673129e+00
  6.0000000e-02   1.0883883e+00
  7.0000000e-02   1.0515325e+00
  8.0000000e-02   1.0322931e+00
  9.0000000e-02   1.0213833e+00
  1.0000000e-01   1.0147885e+00
  1.1000000e-01   1.0105938e+00
  1.2000000e-01   1.0078125e+00
  1.3000000e-01   1.0059037e+00
  1.4000000e-01   1.0045549e+00
  1.5000000e-01   1.0035777e+00
  1.6000000e-01   1.0028543e+00
  1.7000000e-01   1.0023086e+00
  1.8000000e-01   1.0018900e+00
  1.9000000e-01   1.0015642e+00
  2.0000000e-01   1.0013071e+00
  2.1000000e-01   1.0011019e+00
  2.2000000e-01   1.0009364e+00
  2.3000000e-01   1.0008015e+00
  2.4000000e-01   1.0006905e+00
  2.5000000e-01   1.0005986e+00
  2.6000000e-01   1.0005218e+00
  2.7000000e-01   1.0004572e+00
  2.8000000e-01   1.0004026e+00
  2.9000000e-01   1.0003561e+00
  3.0000000e-01   1.0003162e+00
  3.1000000e-01   1.0002819e+00
  3.2000000e-01   1.0002523e+00
  3.3000000e-01   1.0002265e+00
  3.4000000e-01   1.0002041e+00
  3.5000000e-01   1.0001844e+00
  3.6000000e-01   1.0001671e+00
  3.7000000e-01   1.0001518e+00
  3.8000000e-01   1.0001383e+00
  3.9000000e-01   1.0001262e+00
  4.0000000e-01   1.0001155e+00
  4.1000000e-01   1.0001060e+00
  4.2000000e-01   1.0000974e+00
  4.3000000e-01   1.0000897e+00
  4.4000000e-01   1.0000828e+00
  4.5000000e-01   1.0000765e+00
  4.6000000e-01   1.0000708e+00
  4.7000000e-01   1.0000657e+00
  4.8000000e-01   1.0000610e+00
  4.9000000e-01   1.0000568e+00
  5.0000000e-01   1.0000529e+00
