  0.0000000e+00   0.0000000e+00  -1.1102230e-16   0.0000000e+00   7.1867623e-15   1.1102230e-16   0.0000000e+00  -7.1867623e-15
  1.0000000e-01   6.2790520e-02  -1.1102230e-16   0.0000000e+00   7.1867623e-15   6.2790520e-02   6.2790520e-02   6.2790520e-02
  2.0000000e-01   1.2533323e-01  -1.1102230e-16   0.0000000e+00   7.1867623e-15   1.2533323e-01   1.2533323e-01   1.2533323e-01
  3.0000000e-01   1.8738131e-01  -1.1102230e-16   0.0000000e+00   7.1867623e-15   1.8738131e-01   1.8738131e-01   1.8738131e-01
  4.0000000e-01   2.4868989e-01  -1.1102230e-16   0.0000000e+00   7.1867623e-15   2.4868989e-01   2.4868989e-01   2.4868989e-01
  5.0000000e-01   3.0901699e-01  -1.1102230e-16   0.0000000e+00   7.1867623e-15   3.0901699e-01   3.0901699e-01   3.0901699e-01
  6.0000000e-01   3.6812455e-01   5.8008028e-01   0.0000000e+00   2.2921045e-01  -2.1195573e-01   3.6812455e-01   1.3891410e-01
  7.0000000e-01   4.2577929e-01   5.8008028e-01   0.0000000e+00   2.2921045e-01  -1.5430099e-01   4.2577929e-01   1.9656884e-01
  8.0000000e-01   4.8175367e-01   5.8008028e-01   0.0000000e+00   2.2921045e-01  -9.8326607e-02   4.8175367e-01   2.5254322e-01
  9.0000000e-01   5.3582679e-01   5.8008028e-01   0.0000000e+00   2.2921045e-01  -4.4253486e-02   5.3582679e-01   3.0661634e-01
  1.0000000e+00   5.8778525e-01   5.8008028e-01   0.0000000e+00   2.2921045e-01   7.7049710e-03   5.8778525e-01   3.5857480e-01
  1.1000000e+00   6.3742399e-01   5.8008028e-01   0.0000000e+00   2.2921045e-01   5.7343708e-02   6.3742399e-01   4.0821354e-01
  1.2000000e+00   6.8454711e-01   5.8008028e-01   0.0000000e+00   2.2921045e-01   1.0446682e-01   6.8454711e-01   4.5533665e-01
  1.3000000e+00   7.2896863e-01   5.8008028e-01   0.0000000e+00   2.2921045e-01   1.4888835e-01   7.2896863e-01   4.9975818e-01
  1.4000000e+00   7.7051324e-01   5.8008028e-01   0.0000000e+00   2.2921045e-01   1.9043296e-01   7.7051324e-01   5.4130279e-01
  1.5000000e+00   8.0901699e-01   9.3239305e-01   0.0000000e+00   3.7224606e-01  -1.2337605e-01   8.0901699e-01   4.3677093e-01
  1.6000000e+00   8.4432793e-01   9.3239305e-01   0.0000000e+00   3.7224606e-01  -8.8065120e-02   8.4432793e-01   4.7208186e-01
  1.7000000e+00   8.7630668e-01   9.3239305e-01   0.0000000e+00   3.7224606e-01  -5.6086365e-02   8.7630668e-01   5.0406062e-01
  1.8000000e+00   9.0482705e-01   9.3239305e-01   0.0000000e+00   3.7224606e-01  -2.7565993e-02   9.0482705e-01   5.3258099e-01
  1.9000000e+00   9.2977649e-01   9.3239305e-01   0.0000000e+00   3.7224606e-01  -2.6165592e-03   9.2977649e-01   5.5753043e-01
  2.0000000e+00   9.5105652e-01   9.3239305e-01   0.0000000e+00   3.7224606e-01   1.8663471e-02   9.5105652e-01   5.7881046e-01
  2.1000000e+00   9.6858316e-01   9.3239305e-01   0.0000000e+00   3.7224606e-01   3.6190116e-02   9.6858316e-01   5.9633710e-01
  2.2000000e+00   9.8228725e-01   9.3239305e-01   0.0000000e+00   3.7224606e-01   4.9894206e-02   9.8228725e-01   6.1004119e-01
  2.3000000e+00   9.9211470e-01   9.3239305e-01   0.0000000e+00   3.7224606e-01   5.9721656e-02   9.9211470e-01   6.1986864e-01
  2.4000000e+00   9.9802673e-01   9.3239305e-01   0.0000000e+00   3.7224606e-01   6.5633683e-02   9.9802673e-01   6.2578067e-01
  2.5000000e+00   1.0000000e+00   9.3239305e-01   0.0000000e+00   3.7224606e-01   6.7606955e-02   1.0000000e+00   6.2775394e-01
  2.6000000e+00   9.9802673e-01   9.3858961e-01   0.0000000e+00   3.7087030e-01   5.9437117e-02   9.9802673e-01   6.2715643e-01
  2.7000000e+00   9.9211470e-01   9.3858961e-01   0.0000000e+00   3.7087030e-01   5.3525090e-02   9.9211470e-01   6.2124440e-01
  2.8000000e+00   9.8228725e-01   9.3858961e-01   0.0000000e+00   3.7087030e-01   4.3697639e-02   9.8228725e-01   6.1141695e-01
  2.9000000e+00   9.6858316e-01   9.3858961e-01   0.0000000e+00   3.7087030e-01   2.9993550e-02   9.6858316e-01   5.9771286e-01
  3.0000000e+00   9.5105652e-01   9.3858961e-01   0.0000000e+00   3.7087030e-01   1.2466905e-02   9.5105652e-01   5.8018621e-01
  3.1000000e+00   9.2977649e-01   9.3858961e-01   0.0000000e+00   3.7087030e-01  -8.8131254e-03   9.2977649e-01   5.5890618e-01
  3.2000000e+00   9.0482705e-01   9.3858961e-01   0.0000000e+00   3.7087030e-01  -3.3762559e-02   9.0482705e-01   5.3395675e-01
  3.3000000e+00   8.7630668e-01   9.3858961e-01   0.0000000e+00   3.7087030e-01  -6.2282931e-02   8.7630668e-01   5.0543638e-01
  3.4000000e+00   8.4432793e-01   9.3858961e-01   0.0000000e+00   3.7087030e-01  -9.4261686e-02   8.4432793e-01   4.7345762e-01
  3.5000000e+00   8.0901699e-01   5.7625059e-01   0.0000000e+00   2.3006072e-01   2.3276640e-01   8.0901699e-01   5.7895628e-01
  3.6000000e+00   7.7051324e-01   5.7625059e-01   0.0000000e+00   2.3006072e-01   1.9426265e-01   7.7051324e-01   5.4045253e-01
  3.7000000e+00   7.2896863e-01   5.7625059e-01   0.0000000e+00   2.3006072e-01   1.5271803e-01   7.2896863e-01   4.9890791e-01
  3.8000000e+00   6.8454711e-01   5.7625059e-01   0.0000000e+00   2.3006072e-01   1.0829651e-01   6.8454711e-01   4.5448639e-01
  3.9000000e+00   6.3742399e-01   5.7625059e-01   0.0000000e+00   2.3006072e-01   6.1173397e-02   6.3742399e-01   4.0736327e-01
  4.0000000e+00   5.8778525e-01   5.7625059e-01   0.0000000e+00   2.3006072e-01   1.1534660e-02   5.8778525e-01   3.5772453e-01
  4.1000000e+00   5.3582679e-01   5.7625059e-01   0.0000000e+00   2.3006072e-01  -4.0423798e-02   5.3582679e-01   3.0576608e-01
  4.2000000e+00   4.8175367e-01   5.7625059e-01   0.0000000e+00   2.3006072e-01  -9.4496919e-02   4.8175367e-01   2.5169296e-01
  4.3000000e+00   4.2577929e-01   5.7625059e-01   0.0000000e+00   2.3006072e-01  -1.5047130e-01   4.2577929e-01   1.9571857e-01
  4.4000000e+00   3.6812455e-01   5.7625059e-01   0.0000000e+00   2.3006072e-01  -2.0812604e-01   3.6812455e-01   1.3806383e-01
  4.5000000e+00   3.0901699e-01   5.7625059e-01   0.0000000e+00   2.3006072e-01  -2.6723360e-01   3.0901699e-01   7.8956277e-02
  4.6000000e+00   2.4868989e-01   1.4802974e-16   0.0000000e+00   7.5610411e-15   2.4868989e-01   2.4868989e-01   2.4868989e-01
  4.7000000e+00   1.8738131e-01   1.4802974e-16   0.0000000e+00   7.5610411e-15   1.8738131e-01   1.8738131e-01   1.8738131e-01
  4.8000000e+00   1.2533323e-01   1.4802974e-16   0.0000000e+00   7.5610411e-15   1.2533323e-01   1.2533323e-01   1.2533323e-01
  4.9000000e+00   6.2790520e-02   1.4802974e-16   0.0000000e+00   7.5610411e-15   6.2790520e-02   6.2790520e-02   6.2790520e-02
  5.0000000e+00   1.2246468e-16   1.4802974e-16   0.0000000e+00   7.5610411e-15  -2.5565057e-17   1.2246468e-16  -7.4385765e-15
  5.1000000e+00  -6.2790520e-02   1.4802974e-16   0.0000000e+00   7.5610411e-15  -6.2790520e-02  -6.2790520e-02  -6.2790520e-02
  5.2000000e+00  -1.2533323e-01   1.4802974e-16   0.0000000e+00   7.5610411e-15  -1.2533323e-01  -1.2533323e-01  -1.2533323e-01
  5.3000000e+00  -1.8738131e-01   1.4802974e-16   0.0000000e+00   7.5610411e-15  -1.8738131e-01  -1.8738131e-01  -1.8738131e-01
  5.4000000e+00  -2.4868989e-01   1.4802974e-16   0.0000000e+00   7.5610411e-15  -2.4868989e-01  -2.4868989e-01  -2.4868989e-01
  5.5000000e+00  -3.0901699e-01  -5.7625059e-01   0.0000000e+00  -2.3006072e-01   2.6723360e-01  -3.0901699e-01  -7.8956277e-02
  5.6000000e+00  -3.6812455e-01  -5.7625059e-01   0.0000000e+00  -2.3006072e-01   2.0812604e-01  -3.6812455e-01  -1.3806383e-01
  5.7000000e+00  -4.2577929e-01  -5.7625059e-01   0.0000000e+00  -2.3006072e-01   1.5047130e-01  -4.2577929e-01  -1.9571857e-01
  5.8000000e+00  -4.8175367e-01  -5.7625059e-01   0.0000000e+00  -2.3006072e-01   9.4496919e-02  -4.8175367e-01  -2.5169296e-01
  5.9000000e+00  -5.3582679e-01  -5.7625059e-01   0.0000000e+00  -2.3006072e-01   4.0423798e-02  -5.3582679e-01  -3.0576608e-01
  6.0000000e+00  -5.8778525e-01  -5.7625059e-01   0.0000000e+00  -2.3006072e-01  -1.1534660e-02  -5.8778525e-01  -3.5772453e-01
  6.1000000e+00  -6.3742399e-01  -5.7625059e-01   0.0000000e+00  -2.3006072e-01  -6.1173397e-02  -6.3742399e-01  -4.0736327e-01
  6.2000000e+00  -6.8454711e-01  -5.7625059e-01   0.0000000e+00  -2.3006072e-01  -1.0829651e-01  -6.8454711e-01  -4.5448639e-01
  6.3000000e+00  -7.2896863e-01  -5.7625059e-01   0.0000000e+00  -2.3006072e-01  -1.5271803e-01  -7.2896863e-01  -4.9890791e-01
  6.4000000e+00  -7.7051324e-01  -5.7625059e-01   0.0000000e+00  -2.3006072e-01  -1.9426265e-01  -7.7051324e-01  -5.4045253e-01
  6.5000000e+00  -8.0901699e-01  -5.7625059e-01   0.0000000e+00  -2.3006072e-01  -2.3276640e-01  -8.0901699e-01  -5.7895628e-01
  6.6000000e+00  -8.4432793e-01  -9.3858961e-01   0.0000000e+00  -3.7087030e-01   9.4261686e-02  -8.4432793e-01  -4.7345762e-01
  6.7000000e+00  -8.7630668e-01  -9.3858961e-01   0.0000000e+00  -3.7087030e-01   6.2282931e-02  -8.7630668e-01  -5.0543638e-01
  6.8000000e+00  -9.0482705e-01  -9.3858961e-01   0.0000000e+00  -3.7087030e-01   3.3762559e-02  -9.0482705e-01  -5.3395675e-01
  6.9000000e+00  -9.2977649e-01  -9.3858961e-01   0.0000000e+00  -3.7087030e-01   8.8131254e-03  -9.2977649e-01  -5.5890618e-01
  7.0000000e+00  -9.5105652e-01  -9.3858961e-01   0.0000000e+00  -3.7087030e-01  -1.2466905e-02  -9.5105652e-01  -5.8018621e-01
  7.1000000e+00  -9.6858316e-01  -9.3858961e-01   0.0000000e+00  -3.7087030e-01  -2.9993550e-02  -9.6858316e-01  -5.9771286e-01
  7.2000000e+00  -9.8228725e-01  -9.3858961e-01   0.0000000e+00  -3.7087030e-01  -4.3697639e-02  -9.8228725e-01  -6.1141695e-01
  7.3000000e+00  -9.9211470e-01  -9.3858961e-01   0.0000000e+00  -3.7087030e-01  -5.3525090e-02  -9.9211470e-01  -6.2124440e-01
  7.4000000e+00  -9.9802673e-01  -9.3858961e-01   0.0000000e+00  -3.7087030e-01  -5.9437117e-02  -9.9802673e-01  -6.2715643e-01
  7.5000000e+00  -1.0000000e+00  -9.3239305e-01   0.0000000e+00  -3.7224606e-01  -6.7606955e-02  -1.0000000e+00  -6.2775394e-01
  7.6000000e+00  -9.9802673e-01  -9.3239305e-01   0.0000000e+00  -3.7224606e-01  -6.5633683e-02  -9.9802673e-01  -6.2578067e-01
  7.7000000e+00  -9.9211470e-01  -9.3239305e-01   0.0000000e+00  -3.7224606e-01  -5.9721656e-02  -9.9211470e-01  -6.1986864e-01
  7.8000000e+00  -9.8228725e-01  -9.3239305e-01   0.0000000e+00  -3.7224606e-01  -4.9894206e-02  -9.8228725e-01  -6.1004119e-01
  7.9000000e+00  -9.6858316e-01  -9.3239305e-01   0.0000000e+00  -3.7224606e-01  -3.6190116e-02  -9.6858316e-01  -5.9633710e-01
  8.0000000e+00  -9.5105652e-01  -9.3239305e-01   0.0000000e+00  -3.7224606e-01  -1.8663471e-02  -9.5105652e-01  -5.7881046e-01
  8.1000000e+00  -9.2977649e-01  -9.3239305e-01   0.0000000e+00  -3.7224606e-01   2.6165592e-03  -9.2977649e-01  -5.5753043e-01
  8.2000000e+00  -9.0482705e-01  -9.3239305e-01   0.0000000e+00  -3.7224606e-01   2.7565993e-02  -9.0482705e-01  -5.3258099e-01
  8.3000000e+00  -8.7630668e-01  -9.3239305e-01   0.0000000e+00  -3.7224606e-01   5.6086365e-02  -8.7630668e-01  -5.0406062e-01
  8.4000000e+00  -8.4432793e-01  -9.3239305e-01   0.0000000e+00  -3.7224606e-01   8.8065120e-02  -8.4432793e-01  -4.7208186e-01
  8.5000000e+00  -8.0901699e-01  -9.3239305e-01   0.0000000e+00  -3.7224606e-01   1.2337605e-01  -8.0901699e-01  -4.3677093e-01
  8.6000000e+00  -7.7051324e-01  -5.8008028e-01   0.0000000e+00  -2.2921045e-01  -1.9043296e-01  -7.7051324e-01  -5.4130279e-01
  8.7000000e+00  -7.2896863e-01  -5.8008028e-01   0.0000000e+00  -2.2921045e-01  -1.4888835e-01  -7.2896863e-01  -4.9975818e-01
  8.8000000e+00  -6.8454711e-01  -5.8008028e-01   0.0000000e+00  -2.2921045e-01  -1.0446682e-01  -6.8454711e-01  -4.5533665e-01
  8.9000000e+00  -6.3742399e-01  -5.8008028e-01   0.0000000e+00  -2.2921045e-01  -5.7343708e-02  -6.3742399e-01  -4.0821354e-01
  9.0000000e+00  -5.8778525e-01  -5.8008028e-01   0.0000000e+00  -2.2921045e-01  -7.7049710e-03  -5.8778525e-01  -3.5857480e-01
  9.1000000e+00  -5.3582679e-01  -5.8008028e-01   0.0000000e+00  -2.2921045e-01   4.4253486e-02  -5.3582679e-01  -3.0661634e-01
  9.2000000e+00  -4.8175367e-01  -5.8008028e-01   0.0000000e+00  -2.2921045e-01   9.8326607e-02  -4.8175367e-01  -2.5254322e-01
  9.3000000e+00  -4.2577929e-01  -5.8008028e-01   0.0000000e+00  -2.2921045e-01   1.5430099e-01  -4.2577929e-01  -1.9656884e-01
  9.4000000e+00  -3.6812455e-01  -5.8008028e-01   0.0000000e+00  -2.2921045e-01   2.1195573e-01  -3.6812455e-01  -1.3891410e-01
  9.5000000e+00  -3.0901699e-01  -1.1102230e-16   0.0000000e+00   7.1867623e-15  -3.0901699e-01  -3.0901699e-01  -3.0901699e-01
  9.6000000e+00  -2.4868989e-01  -1.1102230e-16   0.0000000e+00   7.1867623e-15  -2.4868989e-01  -2.4868989e-01  -2.4868989e-01
  9.7000000e+00  -1.8738131e-01  -1.1102230e-16   0.0000000e+00   7.1867623e-15  -1.8738131e-01  -1.8738131e-01  -1.8738131e-01
  9.8000000e+00  -1.2533323e-01  -1.1102230e-16   0.0000000e+00   7.1867623e-15  -1.2533323e-01  -1.2533323e-01  -1.2533323e-01
  9.9000000e+00  -6.2790520e-02  -1.1102230e-16   0.0000000e+00   7.1867623e-15  -6.2790520e-02  -6.2790520e-02  -6.2790520e-02
