  0.0000000e+00   3.1729468e+06
  1.2071068e-02   1.9440028e+02
  2.3251408e-02   3.0273375e+01
  3.3071316e-02   1.0230637e+01
  4.2388540e-02   5.1656041e+00
  5.3287127e-02   2.8289146e+00
  6.3374769e-02   1.6948509e+00
  7.3373062e-02   1.1540693e+00
  8.3862812e-02   7.8262134e-01
  9.3876991e-02   5.8022343e-01
  1.0376586e-01   4.4815819e-01
  1.1341626e-01   3.4250831e-01
  1.2325692e-01   2.8520573e-01
  1.3388280e-01   2.3543621e-01
  1.4416052e-01   1.9470134e-01
  1.5388090e-01   1.6754116e-01
  1.6410125e-01   1.4582024e-01
  1.7389451e-01   1.3086451e-01
  1.8411185e-01   1.1748898e-01
  1.9420269e-01   1.0841329e-01
  2.0387838e-01   1.0030269e-01
  2.1426445e-01   9.5240156e-02
  2.2421832e-01   9.0169242e-02
  2.3386484e-01   8.7885728e-02
  2.4365149e-01   8.3636330e-02
  2.5390777e-01   8.1323752e-02
  2.6447845e-01   7.8987305e-02
  2.7438473e-01   7.8760586e-02
  2.8406375e-01   7.8010523e-02
  2.9398167e-01   7.5475437e-02
  3.0393219e-01   7.5441794e-02
  3.1422076e-01   7.5470883e-02
  3.2428917e-01   7.5799189e-02
  3.3446410e-01   7.4703568e-02
  3.4456997e-01   7.5657035e-02
  3.5429510e-01   7.6633399e-02
  3.6412164e-01   7.5762460e-02
  3.7398411e-01   7.8366685e-02
  3.8443008e-01   7.7503490e-02
  3.9457947e-01   7.9856827e-02
  4.0408038e-01   8.1902619e-02
  4.1404548e-01   8.2243533e-02
  4.2418608e-01   8.4347192e-02
  4.3445029e-01   8.4186043e-02
  4.4458407e-01   8.8183228e-02
  4.5433794e-01   8.9962601e-02
  4.6417242e-01   9.1690786e-02
  4.7412647e-01   9.4758310e-02
  4.8419259e-01   9.5752677e-02
  4.9417771e-01   9.9836483e-02
  5.0459614e-01   9.6749420e-02
  5.1500546e-01   8.7792929e-02
  5.2466725e-01   8.8067894e-02
  5.3450280e-01   8.6626469e-02
  5.4442274e-01   8.9589214e-02
  5.5468065e-01   9.0909572e-02
  5.6500035e-01   9.5514309e-02
  5.7472267e-01   9.5960631e-02
  5.8450014e-01   1.0004139e-01
  5.9443642e-01   1.0302038e-01
  6.0471646e-01   1.0708384e-01
  6.1475321e-01   1.1265632e-01
  6.2477433e-01   1.1640803e-01
  6.3495837e-01   1.2171574e-01
  6.4411762e-01   1.3016651e-01
  6.5458975e-01   1.3475090e-01
  6.6515647e-01   1.4013068e-01
  6.7517831e-01   1.4746158e-01
  6.8602720e-01   1.5150759e-01
  6.9303679e-01   1.6024885e-01
  7.0147850e-01   1.6920554e-01
