  0.0000000e+00   3.1729468e+06
  1.2071068e-02   7.7976300e+02
  2.3251408e-02   9.2420082e+01
  3.3071316e-02   2.9371167e+01
  4.2388540e-02   1.2820304e+01
  5.3287127e-02   6.3677340e+00
  6.3374769e-02   3.3008048e+00
  7.3373062e-02   2.0905482e+00
  8.3862812e-02   1.2734381e+00
  9.3876991e-02   8.7117771e-01
  1.0376586e-01   6.3760423e-01
  1.1341626e-01   4.5291475e-01
  1.2325692e-01   3.6323313e-01
  1.3388280e-01   2.8199125e-01
  1.4416052e-01   2.2193895e-01
  1.5388090e-01   1.8598180e-01
  1.6410125e-01   1.5731695e-01
  1.7389451e-01   1.3608630e-01
  1.8411185e-01   1.1919843e-01
  1.9420269e-01   1.0754006e-01
  2.0387838e-01   9.7829590e-02
  2.1426445e-01   9.1691240e-02
  2.2421832e-01   8.4513763e-02
  2.3386484e-01   8.1088316e-02
  2.4365149e-01   7.5250056e-02
  2.5390777e-01   7.2395394e-02
  2.6447845e-01   6.9952945e-02
  2.7438473e-01   6.7730813e-02
  2.8406375e-01   6.6327210e-02
  2.9398167e-01   6.3151132e-02
  3.0393219e-01   6.1821725e-02
  3.1422076e-01   6.1014942e-02
  3.2428917e-01   6.0845457e-02
  3.3446410e-01   5.9232490e-02
  3.4456997e-01   5.8693360e-02
  3.5429510e-01   5.8928084e-02
  3.6412164e-01   5.7261482e-02
  3.7398411e-01   5.8781698e-02
  3.8443008e-01   5.7316224e-02
  3.9457947e-01   5.8569005e-02
  4.0408038e-01   5.9916813e-02
  4.1404548e-01   5.9727468e-02
  4.2418608e-01   6.1220406e-02
  4.3445029e-01   6.0699756e-02
  4.4458407e-01   6.4390429e-02
  4.5433794e-01   6.5557313e-02
  4.6417242e-01   6.6788374e-02
  4.7412647e-01   7.0089902e-02
  4.8419259e-01   7.1254213e-02
  4.9417771e-01   7.6177765e-02
  5.0459614e-01   5.9187853e-02
  5.1500546e-01   5.5738763e-02
  5.2466725e-01   5.5453167e-02
  5.3450280e-01   5.2347063e-02
  5.4442274e-01   5.5015688e-02
  5.5468065e-01   5.4008187e-02
  5.6500035e-01   5.5869660e-02
  5.7472267e-01   5.5551488e-02
  5.8450014e-01   5.6952266e-02
  5.9443642e-01   5.8715870e-02
  6.0471646e-01   6.2419343e-02
  6.1475321e-01   6.2452784e-02
  6.2477433e-01   6.5992792e-02
  6.3495837e-01   7.2014506e-02
  6.4411762e-01   6.8534850e-02
  6.5458975e-01   7.7377151e-02
  6.6515647e-01   8.2216486e-02
  6.7517831e-01   8.2712868e-02
  6.8602720e-01   8.3015755e-02
  6.9303679e-01   7.4882761e-02
  7.0147850e-01   2.6927727e-02
