  0.0000000e+00   3.1729468e+06
  1.2071068e-02   6.3547204e+02
  2.3251408e-02   7.2195828e+01
  3.3071316e-02   2.5292107e+01
  4.2388540e-02   1.6206659e+01
  5.3287127e-02   1.5994368e+01
  6.3374769e-02   1.0033218e+02
  7.3373062e-02   3.1184734e+01
  8.3862812e-02   1.3625347e+01
  9.3876991e-02   1.2178625e+01
  1.0376586e-01   1.4963367e+01
  1.1341626e-01   1.0571806e+01
  1.2325692e-01   1.1943952e+01
  1.3388280e-01   1.2214825e+01
  1.4416052e-01   8.6816861e+00
  1.5388090e-01   7.8963614e+00
  1.6410125e-01   7.1426579e+00
  1.7389451e-01   6.9258639e+00
  1.8411185e-01   9.8296430e+00
  1.9420269e-01   9.9381373e+00
  2.0387838e-01   6.9276031e+00
  2.1426445e-01   5.9935041e+00
  2.2421832e-01   5.7597845e+00
  2.3386484e-01   6.0794219e+00
  2.4365149e-01   5.5735154e+00
  2.5390777e-01   5.4211663e+00
  2.6447845e-01   5.3520079e+00
  2.7438473e-01   5.1902168e+00
  2.8406375e-01   5.2790430e+00
  2.9398167e-01   5.1244205e+00
  3.0393219e-01   5.0727655e+00
  3.1422076e-01   5.3590531e+00
  3.2428917e-01   5.5857806e+00
  3.3446410e-01   5.3676474e+00
  3.4456997e-01   4.9331340e+00
  3.5429510e-01   5.2412390e+00
  3.6412164e-01   5.2091834e+00
  3.7398411e-01   5.3952723e+00
  3.8443008e-01   4.7988670e+00
  3.9457947e-01   5.8058088e+00
  4.0408038e-01   5.5697638e+00
  4.1404548e-01   5.0464906e+00
  4.2418608e-01   5.3300482e+00
  4.3445029e-01   5.6350282e+00
  4.4458407e-01   5.7094564e+00
  4.5433794e-01   5.8805322e+00
  4.6417242e-01   5.7243163e+00
  4.7412647e-01   6.3807716e+00
  4.8419259e-01   6.3106928e+00
  4.9417771e-01   6.7486465e+00
  5.0459614e-01   2.3604928e+00
  5.1500546e-01   1.4712277e+00
  5.2466725e-01   1.7053148e+00
  5.3450280e-01   1.2258886e+00
  5.4442274e-01   1.1888422e+00
  5.5468065e-01   1.2766461e+00
  5.6500035e-01   6.7488414e-01
  5.7472267e-01   1.0127682e+00
  5.8450014e-01   5.1957197e-01
  5.9443642e-01   4.7629348e-01
  6.0471646e-01   4.6885793e-01
  6.1475321e-01   5.2058945e-01
  6.2477433e-01   6.1038184e-01
  6.3495837e-01   3.8767084e-01
  6.4411762e-01   5.9739856e-01
  6.5458975e-01   7.2736696e-01
  6.6515647e-01   3.5094864e-01
  6.7517831e-01   2.8924885e-01
  6.8602720e-01   4.1431656e-01
  6.9303679e-01   5.4766446e-01
  7.0147850e-01   6.7496540e-01
