  0.0000000e+00             inf
  1.2071068e-02   6.8539209e+03
  2.3251408e-02   1.8407227e+03
  3.3071316e-02   9.0536169e+02
  4.2388540e-02   5.4762097e+02
  5.3287127e-02   3.4328649e+02
  6.3374769e-02   2.4014230e+02
  7.3373062e-02   1.7696366e+02
  8.3862812e-02   1.3346633e+02
  9.3876991e-02   1.0481783e+02
  1.0376586e-01   8.4295658e+01
  1.1341626e-01   6.9242290e+01
  1.2325692e-01   5.7411136e+01
  1.3388280e-01   4.7477668e+01
  1.4416052e-01   3.9909544e+01
  1.5388090e-01   3.4125286e+01
  1.6410125e-01   2.9141997e+01
  1.7389451e-01   2.5190303e+01
  1.8411185e-01   2.1744246e+01
  1.9420269e-01   1.8883218e+01
  2.0387838e-01   1.6549664e+01
  2.1426445e-01   1.4409753e+01
  2.2421832e-01   1.2651875e+01
  2.3386484e-01   1.1176228e+01
  2.4365149e-01   9.8723539e+00
  2.5390777e-01   8.6828167e+00
  2.6447845e-01   7.6175242e+00
  2.7438473e-01   6.7454298e+00
  2.8406375e-01   5.9947453e+00
  2.9398167e-01   5.3156150e+00
  3.0393219e-01   4.7139603e+00
  3.1422076e-01   4.1649606e+00
  3.2428917e-01   3.6905230e+00
  3.3446410e-01   3.2662917e+00
  3.4456997e-01   2.8931909e+00
  3.5429510e-01   2.5741645e+00
  3.6412164e-01   2.2870744e+00
  3.7398411e-01   2.0305504e+00
  3.8443008e-01   1.7894501e+00
  3.9457947e-01   1.5819098e+00
  4.0408038e-01   1.4088226e+00
  4.1404548e-01   1.2468944e+00
  4.2418608e-01   1.1004966e+00
  4.3445029e-01   9.6911110e-01
  4.4458407e-01   8.5413780e-01
  4.5433794e-01   7.5579983e-01
  4.6417242e-01   6.6757338e-01
  4.7412647e-01   5.8825140e-01
  4.8419259e-01   5.1714233e-01
  4.9417771e-01   4.5466956e-01
  5.0459614e-01   3.9710219e-01
  5.1500546e-01   3.4648352e-01
  5.2466725e-01   3.0498294e-01
  5.3450280e-01   2.6756238e-01
  5.4442274e-01   2.3421716e-01
  5.5468065e-01   2.0386237e-01
  5.6500035e-01   1.7707698e-01
  5.7472267e-01   1.5489312e-01
  5.8450014e-01   1.3523149e-01
  5.9443642e-01   1.1766556e-01
  6.0471646e-01   1.0175912e-01
  6.1475321e-01   8.8193256e-02
  6.2477433e-01   7.6355356e-02
  6.3495837e-01   6.5864379e-02
  6.4411762e-01   5.7599598e-02
  6.5458975e-01   4.9346100e-02
  6.6515647e-01   4.2153726e-02
  6.7517831e-01   3.6252941e-02
  6.8602720e-01   3.0745126e-02
  6.9303679e-01   2.7616121e-02
  7.0147850e-01   2.4245635e-02
