  0.0000000e+00   2.8169607e+04
  1.2071068e-02   7.3960725e+03
  2.3251408e-02   1.9571077e+03
  3.3071316e-02   9.2615950e+02
  4.2388540e-02   5.5974916e+02
  5.3287127e-02   3.4277580e+02
  6.3374769e-02   2.3927796e+02
  7.3373062e-02   1.7757610e+02
  8.3862812e-02   1.3161794e+02
  9.3876991e-02   1.0531140e+02
  1.0376586e-01   8.4459344e+01
  1.1341626e-01   6.9662145e+01
  1.2325692e-01   5.8089596e+01
  1.3388280e-01   4.7338681e+01
  1.4416052e-01   3.9996781e+01
  1.5388090e-01   3.5051931e+01
  1.6410125e-01   2.9137349e+01
  1.7389451e-01   2.5111800e+01
  1.8411185e-01   2.1980964e+01
  1.9420269e-01   1.8967115e+01
  2.0387838e-01   1.6527045e+01
  2.1426445e-01   1.4450613e+01
  2.2421832e-01   1.2668672e+01
  2.3386484e-01   1.1238385e+01
  2.4365149e-01   9.8711733e+00
  2.5390777e-01   8.7056982e+00
  2.6447845e-01   7.6330113e+00
  2.7438473e-01   6.7331106e+00
  2.8406375e-01   6.0152257e+00
  2.9398167e-01   5.2481981e+00
  3.0393219e-01   4.7199470e+00
  3.1422076e-01   4.1914211e+00
  3.2428917e-01   3.7157321e+00
  3.3446410e-01   3.2719501e+00
  3.4456997e-01   2.8822065e+00
  3.5429510e-01   2.5898937e+00
  3.6412164e-01   2.2985259e+00
  3.7398411e-01   2.0335529e+00
  3.8443008e-01   1.7989018e+00
  3.9457947e-01   1.5953841e+00
  4.0408038e-01   1.4209710e+00
  4.1404548e-01   1.2579158e+00
  4.2418608e-01   1.1228899e+00
  4.3445029e-01   9.9062947e-01
  4.4458407e-01   8.9418452e-01
  4.5433794e-01   7.9510147e-01
  4.6417242e-01   7.2565520e-01
  4.7412647e-01   6.5663374e-01
  4.8419259e-01   6.0905072e-01
  4.9417771e-01   5.8826092e-01
  5.0459614e-01   4.4612645e-01
  5.1500546e-01   4.0164062e-01
  5.2466725e-01   3.6036398e-01
  5.3450280e-01   3.0554123e-01
  5.4442274e-01   2.7747313e-01
  5.5468065e-01   2.4158909e-01
  5.6500035e-01   2.1510380e-01
  5.7472267e-01   1.8923679e-01
  5.8450014e-01   1.6211030e-01
  5.9443642e-01   1.4931561e-01
  6.0471646e-01   1.3202960e-01
  6.1475321e-01   1.1291897e-01
  6.2477433e-01   9.9752554e-02
  6.3495837e-01   9.5409808e-02
  6.4411762e-01   7.7204716e-02
  6.5458975e-01   7.2830435e-02
  6.6515647e-01   6.9233386e-02
  6.7517831e-01   6.3075448e-02
  6.8602720e-01   5.7562215e-02
  6.9303679e-01   4.7042601e-02
  7.0147850e-01   1.8548854e-02
