  0.0000000e+00   3.1716860e+06
  1.2071068e-02   6.2291609e+02
  2.3251408e-02   1.1193653e+02
  3.3071316e-02   7.5102774e+01
  4.2388540e-02   6.1497154e+01
  5.3287127e-02   3.7996221e+01
  6.3374769e-02   4.0082198e+01
  7.3373062e-02   3.1156616e+01
  8.3862812e-02   2.6139144e+01
  9.3876991e-02   2.5981552e+01
  1.0376586e-01   2.1422996e+01
  1.1341626e-01   2.3509222e+01
  1.2325692e-01   1.8339386e+01
  1.3388280e-01   1.6356531e+01
  1.4416052e-01   1.6758076e+01
  1.5388090e-01   1.5470910e+01
  1.6410125e-01   1.4328311e+01
  1.7389451e-01   1.4348678e+01
  1.8411185e-01   1.2996812e+01
  1.9420269e-01   1.3117448e+01
  2.0387838e-01   1.3385288e+01
  2.1426445e-01   1.1093981e+01
  2.2421832e-01   1.1983120e+01
  2.3386484e-01   1.2178346e+01
  2.4365149e-01   1.0885561e+01
  2.5390777e-01   1.0274928e+01
  2.6447845e-01   9.8185732e+00
  2.7438473e-01   1.0612154e+01
  2.8406375e-01   1.0707566e+01
  2.9398167e-01   9.2237491e+00
  3.0393219e-01   9.8449934e+00
  3.1422076e-01   9.0994274e+00
  3.2428917e-01   9.3844952e+00
  3.3446410e-01   8.9964547e+00
  3.4456997e-01   9.0257766e+00
  3.5429510e-01   9.9033486e+00
  3.6412164e-01   9.0498449e+00
  3.7398411e-01   9.0069088e+00
  3.8443008e-01   7.8011708e+00
  3.9457947e-01   9.1847815e+00
  4.0408038e-01   9.3521694e+00
  4.1404548e-01   8.6528097e+00
  4.2418608e-01   8.8107757e+00
  4.3445029e-01   8.0947327e+00
  4.4458407e-01   9.4220716e+00
  4.5433794e-01   9.2994471e+00
  4.6417242e-01   8.9205149e+00
  4.7412647e-01   9.3937645e+00
  4.8419259e-01   9.3096534e+00
  4.9417771e-01   9.6759304e+00
  5.0459614e-01   5.1905548e+00
  5.1500546e-01   1.1005231e-01
  5.2466725e-01   1.0096885e-01
  5.3450280e-01   9.5640582e-02
  5.4442274e-01   9.6754502e-02
  5.5468065e-01   9.7128608e-02
  5.6500035e-01   1.0050515e-01
  5.7472267e-01   1.0038278e-01
  5.8450014e-01   1.0314583e-01
  5.9443642e-01   1.0571225e-01
  6.0471646e-01   1.0916718e-01
  6.1475321e-01   1.1456459e-01
  6.2477433e-01   1.1768055e-01
  6.3495837e-01   1.2265913e-01
  6.4411762e-01   1.3107997e-01
  6.5458975e-01   1.3521473e-01
  6.6515647e-01   1.4068878e-01
  6.7517831e-01   1.4762121e-01
  6.8602720e-01   1.5157101e-01
  6.9303679e-01   1.5990562e-01
  7.0147850e-01   1.6918834e-01
