  0.0000000e+00   4.3275123e-01
  1.2071068e-02   3.2637001e+02
  2.3251408e-02   4.6054424e+01
  3.3071316e-02   1.3712038e+01
  4.2388540e-02   6.0532259e+00
  5.3287127e-02   3.0438417e+00
  6.3374769e-02   1.5955768e+00
  7.3373062e-02   1.0294407e+00
  8.3862812e-02   6.7024910e-01
  9.3876991e-02   4.6579624e-01
  1.0376586e-01   3.5639432e-01
  1.1341626e-01   2.7464963e-01
  1.2325692e-01   2.3647208e-01
  1.3388280e-01   2.1035592e-01
  1.4416052e-01   1.7580938e-01
  1.5388090e-01   1.6314354e-01
  1.6410125e-01   1.5600305e-01
  1.7389451e-01   1.4111103e-01
  1.8411185e-01   1.3820050e-01
  1.9420269e-01   1.2645981e-01
  2.0387838e-01   1.2276818e-01
  2.1426445e-01   1.2100220e-01
  2.2421832e-01   1.1661400e-01
  2.3386484e-01   1.1463978e-01
  2.4365149e-01   1.0979996e-01
  2.5390777e-01   1.1344101e-01
  2.6447845e-01   1.0773826e-01
  2.7438473e-01   1.0895230e-01
  2.8406375e-01   1.0792804e-01
  2.9398167e-01   1.0411771e-01
  3.0393219e-01   1.0487607e-01
  3.1422076e-01   1.0383096e-01
  3.2428917e-01   1.1067610e-01
  3.3446410e-01   1.0282885e-01
  3.4456997e-01   1.0462093e-01
  3.5429510e-01   1.0816120e-01
  3.6412164e-01   1.0461524e-01
  3.7398411e-01   1.0939580e-01
  3.8443008e-01   1.0466831e-01
  3.9457947e-01   1.1073824e-01
  4.0408038e-01   1.1504931e-01
  4.1404548e-01   1.1473886e-01
  4.2418608e-01   1.1522684e-01
  4.3445029e-01   1.1351078e-01
  4.4458407e-01   1.2071402e-01
  4.5433794e-01   1.2376912e-01
  4.6417242e-01   1.2357906e-01
  4.7412647e-01   1.2817829e-01
  4.8419259e-01   1.2741966e-01
  4.9417771e-01   1.3396937e-01
  5.0459614e-01   1.1950049e-01
  5.1500546e-01   8.8703466e-02
  5.2466725e-01   8.5604839e-02
  5.3450280e-01   8.4590921e-02
  5.4442274e-01   8.7659056e-02
  5.5468065e-01   8.9298701e-02
  5.6500035e-01   9.3871184e-02
  5.7472267e-01   9.4847966e-02
  5.8450014e-01   9.9030287e-02
  5.9443642e-01   1.0200327e-01
  6.0471646e-01   1.0632589e-01
  6.1475321e-01   1.1184842e-01
  6.2477433e-01   1.1562236e-01
  6.3495837e-01   1.2122734e-01
  6.4411762e-01   1.2965134e-01
  6.5458975e-01   1.3416473e-01
  6.6515647e-01   1.3994537e-01
  6.7517831e-01   1.4717775e-01
  6.8602720e-01   1.5143495e-01
  6.9303679e-01   1.5978255e-01
  7.0147850e-01   1.6892818e-01
