  0.0000000e+00   3.1323038e+06
  1.2071068e-02   6.1831185e+02
  2.3251408e-02   6.0417510e+01
  3.3071316e-02   1.9459751e+01
  4.2388540e-02   1.1828620e+01
  5.3287127e-02   7.5579105e+00
  6.3374769e-02   6.5210775e+00
  7.3373062e-02   5.0489874e+00
  8.3862812e-02   4.4786844e+00
  9.3876991e-02   4.0915577e+00
  1.0376586e-01   3.4750298e+00
  1.1341626e-01   3.5644652e+00
  1.2325692e-01   2.9683959e+00
  1.3388280e-01   2.6438357e+00
  1.4416052e-01   2.6849175e+00
  1.5388090e-01   2.4359509e+00
  1.6410125e-01   2.3322116e+00
  1.7389451e-01   2.2971790e+00
  1.8411185e-01   2.1064770e+00
  1.9420269e-01   2.0718416e+00
  2.0387838e-01   2.0568183e+00
  2.1426445e-01   1.8092503e+00
  2.2421832e-01   1.9278884e+00
  2.3386484e-01   1.9410167e+00
  2.4365149e-01   1.8065088e+00
  2.5390777e-01   1.6534279e+00
  2.6447845e-01   1.6012412e+00
  2.7438473e-01   1.7513150e+00
  2.8406375e-01   1.7433494e+00
  2.9398167e-01   1.5812624e+00
  3.0393219e-01   1.6494286e+00
  3.1422076e-01   1.4874526e+00
  3.2428917e-01   1.5759086e+00
  3.3446410e-01   1.4862166e+00
  3.4456997e-01   1.5294756e+00
  3.5429510e-01   1.6441080e+00
  3.6412164e-01   1.5336100e+00
  3.7398411e-01   1.5901814e+00
  3.8443008e-01   1.3836114e+00
  3.9457947e-01   1.5595529e+00
  4.0408038e-01   1.6450248e+00
  4.1404548e-01   1.5034110e+00
  4.2418608e-01   1.5714833e+00
  4.3445029e-01   1.4628982e+00
  4.4458407e-01   1.5876411e+00
  4.5433794e-01   1.6554470e+00
  4.6417242e-01   1.5601274e+00
  4.7412647e-01   1.6349304e+00
  4.8419259e-01   1.5964287e+00
  4.9417771e-01   1.7292772e+00
  5.0459614e-01   9.5637082e-01
  5.1500546e-01   9.3065686e-02
  5.2466725e-01   8.8661552e-02
  5.3450280e-01   8.6689669e-02
  5.4442274e-01   8.9489142e-02
  5.5468065e-01   9.0799659e-02
  5.6500035e-01   9.5245407e-02
  5.7472267e-01   9.5849356e-02
  5.8450014e-01   9.9776707e-02
  5.9443642e-01   1.0265024e-01
  6.0471646e-01   1.0684844e-01
  6.1475321e-01   1.1229609e-01
  6.2477433e-01   1.1607354e-01
  6.3495837e-01   1.2145557e-01
  6.4411762e-01   1.2993029e-01
  6.5458975e-01   1.3434046e-01
  6.6515647e-01   1.4013268e-01
  6.7517831e-01   1.4731453e-01
  6.8602720e-01   1.5144551e-01
  6.9303679e-01   1.5983535e-01
  7.0147850e-01   1.6913971e-01
