  0.0000000e+00   1.3440119e-02
  1.2071068e-02   7.3356256e+03
  2.3251408e-02   1.9555485e+03
  3.3071316e-02   9.2575963e+02
  4.2388540e-02   5.5948266e+02
  5.3287127e-02   3.4265799e+02
  6.3374769e-02   2.3915823e+02
  7.3373062e-02   1.7750643e+02
  8.3862812e-02   1.3157216e+02
  9.3876991e-02   1.0527872e+02
  1.0376586e-01   8.4435402e+01
  1.1341626e-01   6.9624808e+01
  1.2325692e-01   5.8067737e+01
  1.3388280e-01   4.7320646e+01
  1.4416052e-01   3.9983697e+01
  1.5388090e-01   3.5028429e+01
  1.6410125e-01   2.9125658e+01
  1.7389451e-01   2.5101469e+01
  1.8411185e-01   2.1973773e+01
  1.9420269e-01   1.8957882e+01
  2.0387838e-01   1.6518228e+01
  2.1426445e-01   1.4444709e+01
  2.2421832e-01   1.2666159e+01
  2.3386484e-01   1.1238506e+01
  2.4365149e-01   9.8680602e+00
  2.5390777e-01   8.7038365e+00
  2.6447845e-01   7.6305171e+00
  2.7438473e-01   6.7329458e+00
  2.8406375e-01   6.0134881e+00
  2.9398167e-01   5.2512952e+00
  3.0393219e-01   4.7220152e+00
  3.1422076e-01   4.1950596e+00
  3.2428917e-01   3.7197447e+00
  3.3446410e-01   3.2759687e+00
  3.4456997e-01   2.8877355e+00
  3.5429510e-01   2.5956448e+00
  3.6412164e-01   2.3067664e+00
  3.7398411e-01   2.0426948e+00
  3.8443008e-01   1.8082630e+00
  3.9457947e-01   1.6083752e+00
  4.0408038e-01   1.4359993e+00
  4.1404548e-01   1.2746475e+00
  4.2418608e-01   1.1432558e+00
  4.3445029e-01   1.0115791e+00
  4.4458407e-01   9.2035081e-01
  4.5433794e-01   8.2154721e-01
  4.6417242e-01   7.5201552e-01
  4.7412647e-01   6.8524222e-01
  4.8419259e-01   6.3383852e-01
  4.9417771e-01   6.0631399e-01
  5.0459614e-01   5.4868151e-01
  5.1500546e-01   4.5503378e-01
  5.2466725e-01   4.0736100e-01
  5.3450280e-01   3.4308022e-01
  5.4442274e-01   3.0994088e-01
  5.5468065e-01   2.7385327e-01
  5.6500035e-01   2.4236876e-01
  5.7472267e-01   2.1524301e-01
  5.8450014e-01   1.8451162e-01
  5.9443642e-01   1.7280773e-01
  6.0471646e-01   1.4699816e-01
  6.1475321e-01   1.3729257e-01
  6.2477433e-01   1.2019936e-01
  6.3495837e-01   1.1040882e-01
  6.4411762e-01   1.0438075e-01
  6.5458975e-01   9.1526013e-02
  6.6515647e-01   9.0311652e-02
  6.7517831e-01   8.5468184e-02
  6.8602720e-01   8.2769025e-02
  6.9303679e-01   8.5164261e-02
  7.0147850e-01   8.5773553e-02
