  0.0000000e+00   3.9888576e+04
  1.2071068e-02   7.3929380e+03
  2.3251408e-02   1.9540824e+03
  3.3071316e-02   9.2256305e+02
  4.2388540e-02   5.5621010e+02
  5.3287127e-02   3.3960925e+02
  6.3374769e-02   2.3587932e+02
  7.3373062e-02   1.7439438e+02
  8.3862812e-02   1.2845922e+02
  9.3876991e-02   1.0214048e+02
  1.0376586e-01   8.1422763e+01
  1.1341626e-01   6.6588017e+01
  1.2325692e-01   5.5202868e+01
  1.3388280e-01   4.4528359e+01
  1.4416052e-01   3.7278316e+01
  1.5388090e-01   3.2355054e+01
  1.6410125e-01   2.6606606e+01
  1.7389451e-01   2.2695566e+01
  1.8411185e-01   1.9610269e+01
  1.9420269e-01   1.6748346e+01
  2.0387838e-01   1.4417333e+01
  2.1426445e-01   1.2452692e+01
  2.2421832e-01   1.0773431e+01
  2.3386484e-01   9.4235102e+00
  2.4365149e-01   8.1935700e+00
  2.5390777e-01   7.1080912e+00
  2.6447845e-01   6.1586537e+00
  2.7438473e-01   5.3557998e+00
  2.8406375e-01   4.7162668e+00
  2.9398167e-01   4.0893303e+00
  3.0393219e-01   3.6237040e+00
  3.1422076e-01   3.1907812e+00
  3.2428917e-01   2.7851031e+00
  3.3446410e-01   2.4445201e+00
  3.4456997e-01   2.1344988e+00
  3.5429510e-01   1.9051073e+00
  3.6412164e-01   1.6923739e+00
  3.7398411e-01   1.4939588e+00
  3.8443008e-01   1.3252766e+00
  3.9457947e-01   1.1859379e+00
  4.0408038e-01   1.0688908e+00
  4.1404548e-01   9.6044776e-01
  4.2418608e-01   8.7796674e-01
  4.3445029e-01   7.9074571e-01
  4.4458407e-01   7.4340467e-01
  4.5433794e-01   6.8572555e-01
  4.6417242e-01   6.4522417e-01
  4.7412647e-01   6.1849679e-01
  4.8419259e-01   5.8795034e-01
  4.9417771e-01   5.9932037e-01
  5.0459614e-01   4.3871673e-01
  5.1500546e-01   3.8061813e-01
  5.2466725e-01   3.4345591e-01
  5.3450280e-01   2.7445801e-01
  5.4442274e-01   2.5474654e-01
  5.5468065e-01   2.1912596e-01
  5.6500035e-01   1.9529781e-01
  5.7472267e-01   1.7028303e-01
  5.8450014e-01   1.4218052e-01
  5.9443642e-01   1.3469939e-01
  6.0471646e-01   1.1869924e-01
  6.1475321e-01   1.0410198e-01
  6.2477433e-01   9.2954717e-02
  6.3495837e-01   9.1215045e-02
  6.4411762e-01   7.6147178e-02
  6.5458975e-01   7.3953784e-02
  6.6515647e-01   7.3877571e-02
  6.7517831e-01   6.8591548e-02
  6.8602720e-01   6.3906607e-02
  6.9303679e-01   5.4837579e-02
  7.0147850e-01   2.0936068e-02
