  0.0000000e+00   3.9888576e+04
  1.2071068e-02   7.3958912e+03
  2.3251408e-02   1.9571432e+03
  3.3071316e-02   9.2617261e+02
  4.2388540e-02   5.5975285e+02
  5.3287127e-02   3.4276672e+02
  6.3374769e-02   2.3926702e+02
  7.3373062e-02   1.7757303e+02
  8.3862812e-02   1.3162096e+02
  9.3876991e-02   1.0531479e+02
  1.0376586e-01   8.4461355e+01
  1.1341626e-01   6.9663687e+01
  1.2325692e-01   5.8090490e+01
  1.3388280e-01   4.7339563e+01
  1.4416052e-01   3.9996464e+01
  1.5388090e-01   3.5050390e+01
  1.6410125e-01   2.9135537e+01
  1.7389451e-01   2.5110608e+01
  1.8411185e-01   2.1981583e+01
  1.9420269e-01   1.8967323e+01
  2.0387838e-01   1.6528316e+01
  2.1426445e-01   1.4450566e+01
  2.2421832e-01   1.2668983e+01
  2.3386484e-01   1.1239210e+01
  2.4365149e-01   9.8712493e+00
  2.5390777e-01   8.7061703e+00
  2.6447845e-01   7.6322616e+00
  2.7438473e-01   6.7341550e+00
  2.8406375e-01   6.0173788e+00
  2.9398167e-01   5.2486852e+00
  3.0393219e-01   4.7224364e+00
  3.1422076e-01   4.1949079e+00
  3.2428917e-01   3.7194279e+00
  3.3446410e-01   3.2761733e+00
  3.4456997e-01   2.8879257e+00
  3.5429510e-01   2.5957448e+00
  3.6412164e-01   2.3063223e+00
  3.7398411e-01   2.0417714e+00
  3.8443008e-01   1.8074473e+00
  3.9457947e-01   1.6079063e+00
  4.0408038e-01   1.4348358e+00
  4.1404548e-01   1.2742884e+00
  4.2418608e-01   1.1426795e+00
  4.3445029e-01   1.0112711e+00
  4.4458407e-01   9.1974796e-01
  4.5433794e-01   8.2110863e-01
  4.6417242e-01   7.5162244e-01
  4.7412647e-01   6.8464098e-01
  4.8419259e-01   6.3307188e-01
  4.9417771e-01   6.0601279e-01
  5.0459614e-01   5.4836455e-01
  5.1500546e-01   4.5499338e-01
  5.2466725e-01   4.0732476e-01
  5.3450280e-01   3.4306931e-01
  5.4442274e-01   3.0991243e-01
  5.5468065e-01   2.7384593e-01
  5.6500035e-01   2.4236525e-01
  5.7472267e-01   2.1522207e-01
  5.8450014e-01   1.8451813e-01
  5.9443642e-01   1.7280108e-01
  6.0471646e-01   1.4699519e-01
  6.1475321e-01   1.3727789e-01
  6.2477433e-01   1.2019746e-01
  6.3495837e-01   1.1041216e-01
  6.4411762e-01   1.0437983e-01
  6.5458975e-01   9.1524828e-02
  6.6515647e-01   9.0308994e-02
  6.7517831e-01   8.5465330e-02
  6.8602720e-01   8.2768363e-02
  6.9303679e-01   8.5165196e-02
  7.0147850e-01   8.5775502e-02
