  0.0000000e+00   5.3549922e-03
  1.2071068e-02   3.7151796e+03
  2.3251408e-02   1.4659747e+03
  3.3071316e-02   7.8803086e+02
  4.2388540e-02   5.0266492e+02
  5.3287127e-02   3.1734594e+02
  6.3374769e-02   2.2832043e+02
  7.3373062e-02   1.7197461e+02
  8.3862812e-02   1.2991753e+02
  9.3876991e-02   1.0436930e+02
  1.0376586e-01   8.3893709e+01
  1.1341626e-01   6.9232534e+01
  1.2325692e-01   5.7814973e+01
  1.3388280e-01   4.7057109e+01
  1.4416052e-01   3.9809604e+01
  1.5388090e-01   3.4894889e+01
  1.6410125e-01   2.9020933e+01
  1.7389451e-01   2.5004687e+01
  1.8411185e-01   2.1882092e+01
  1.9420269e-01   1.8893348e+01
  2.0387838e-01   1.6464605e+01
  2.1426445e-01   1.4404529e+01
  2.2421832e-01   1.2623919e+01
  2.3386484e-01   1.1200057e+01
  2.4365149e-01   9.8395877e+00
  2.5390777e-01   8.6789553e+00
  2.6447845e-01   7.6103835e+00
  2.7438473e-01   6.7117420e+00
  2.8406375e-01   5.9984750e+00
  2.9398167e-01   5.2354699e+00
  3.0393219e-01   4.7094128e+00
  3.1422076e-01   4.1849384e+00
  3.2428917e-01   3.7120202e+00
  3.3446410e-01   3.2681966e+00
  3.4456997e-01   2.8811876e+00
  3.5429510e-01   2.5890430e+00
  3.6412164e-01   2.3009389e+00
  3.7398411e-01   2.0373517e+00
  3.8443008e-01   1.8043551e+00
  3.9457947e-01   1.6048739e+00
  4.0408038e-01   1.4316699e+00
  4.1404548e-01   1.2722098e+00
  4.2418608e-01   1.1410535e+00
  4.3445029e-01   1.0098440e+00
  4.4458407e-01   9.1826171e-01
  4.5433794e-01   8.1971689e-01
  4.6417242e-01   7.5041946e-01
  4.7412647e-01   6.8367486e-01
  4.8419259e-01   6.3231019e-01
  4.9417771e-01   6.0496053e-01
  5.0459614e-01   5.4813089e-01
  5.1500546e-01   4.5517211e-01
  5.2466725e-01   4.0744598e-01
  5.3450280e-01   3.4311349e-01
  5.4442274e-01   3.0998138e-01
  5.5468065e-01   2.7389744e-01
  5.6500035e-01   2.4236686e-01
  5.7472267e-01   2.1523479e-01
  5.8450014e-01   1.8450317e-01
  5.9443642e-01   1.7279562e-01
  6.0471646e-01   1.4699973e-01
  6.1475321e-01   1.3729077e-01
  6.2477433e-01   1.2019232e-01
  6.3495837e-01   1.1041142e-01
  6.4411762e-01   1.0438883e-01
  6.5458975e-01   9.1529762e-02
  6.6515647e-01   9.0315974e-02
  6.7517831e-01   8.5466934e-02
  6.8602720e-01   8.2776351e-02
  6.9303679e-01   8.5160915e-02
  7.0147850e-01   8.5779513e-02
