  0.0000000e+00   1.8676299e+06
  1.2071068e-02   5.7507210e+02
  2.3251408e-02   5.8767608e+01
  3.3071316e-02   1.5758714e+01
  4.2388540e-02   6.6805056e+00
  5.3287127e-02   3.3581689e+00
  6.3374769e-02   1.9317526e+00
  7.3373062e-02   1.4051955e+00
  8.3862812e-02   1.2313289e+00
  9.3876991e-02   9.2331471e-01
  1.0376586e-01   8.0335764e-01
  1.1341626e-01   7.4933696e-01
  1.2325692e-01   6.3203942e-01
  1.3388280e-01   6.2679459e-01
  1.4416052e-01   5.5585990e-01
  1.5388090e-01   5.1664003e-01
  1.6410125e-01   4.9246581e-01
  1.7389451e-01   4.7276514e-01
  1.8411185e-01   4.5196627e-01
  1.9420269e-01   4.2794628e-01
  2.0387838e-01   4.2421156e-01
  2.1426445e-01   3.8641811e-01
  2.2421832e-01   3.9887335e-01
  2.3386484e-01   3.8456921e-01
  2.4365149e-01   3.7097025e-01
  2.5390777e-01   3.5501459e-01
  2.6447845e-01   3.3842862e-01
  2.7438473e-01   3.6481836e-01
  2.8406375e-01   3.5368927e-01
  2.9398167e-01   3.2906422e-01
  3.0393219e-01   3.3827714e-01
  3.1422076e-01   3.1990438e-01
  3.2428917e-01   3.3688570e-01
  3.3446410e-01   3.2115709e-01
  3.4456997e-01   3.2150835e-01
  3.5429510e-01   3.4316964e-01
  3.6412164e-01   3.2126732e-01
  3.7398411e-01   3.3706219e-01
  3.8443008e-01   3.0419050e-01
  3.9457947e-01   3.3603522e-01
  4.0408038e-01   3.5279405e-01
  4.1404548e-01   3.2856953e-01
  4.2418608e-01   3.3819656e-01
  4.3445029e-01   3.1880008e-01
  4.4458407e-01   3.4775753e-01
  4.5433794e-01   3.6095953e-01
  4.6417242e-01   3.4842007e-01
  4.7412647e-01   3.6293199e-01
  4.8419259e-01   3.5811839e-01
  4.9417771e-01   3.7579647e-01
  5.0459614e-01   2.5034171e-01
  5.1500546e-01   8.9585372e-02
  5.2466725e-01   8.6087173e-02
  5.3450280e-01   8.4945893e-02
  5.4442274e-01   8.7963432e-02
  5.5468065e-01   8.9534794e-02
  5.6500035e-01   9.4084641e-02
  5.7472267e-01   9.4989370e-02
  5.8450014e-01   9.9151749e-02
  5.9443642e-01   1.0211408e-01
  6.0471646e-01   1.0641006e-01
  6.1475321e-01   1.1190608e-01
  6.2477433e-01   1.1569871e-01
  6.3495837e-01   1.2126978e-01
  6.4411762e-01   1.2968435e-01
  6.5458975e-01   1.3415850e-01
  6.6515647e-01   1.3997376e-01
  6.7517831e-01   1.4720247e-01
  6.8602720e-01   1.5144041e-01
  6.9303679e-01   1.5980696e-01
  7.0147850e-01   1.6903677e-01
