  0.0000000e+00   3.9888576e+04
  1.2071068e-02   1.9181597e+03
  2.3251408e-02   5.3804573e+02
  3.3071316e-02   2.7292909e+02
  4.2388540e-02   1.7648240e+02
  5.3287127e-02   1.1486540e+02
  6.3374769e-02   8.6947315e+01
  7.3373062e-02   6.7989415e+01
  8.3862812e-02   5.3975457e+01
  9.3876991e-02   4.5779401e+01
  1.0376586e-01   3.8424312e+01
  1.1341626e-01   3.3576392e+01
  1.2325692e-01   2.8873380e+01
  1.3388280e-01   2.4724270e+01
  1.4416052e-01   2.1661513e+01
  1.5388090e-01   1.9615747e+01
  1.6410125e-01   1.6834948e+01
  1.7389451e-01   1.4897658e+01
  1.8411185e-01   1.3427430e+01
  1.9420269e-01   1.1808722e+01
  2.0387838e-01   1.0521717e+01
  2.1426445e-01   9.3554897e+00
  2.2421832e-01   8.3641203e+00
  2.3386484e-01   7.5502227e+00
  2.4365149e-01   6.7010136e+00
  2.5390777e-01   6.0034541e+00
  2.6447845e-01   5.3175521e+00
  2.7438473e-01   4.7635652e+00
  2.8406375e-01   4.3066268e+00
  2.9398167e-01   3.7711294e+00
  3.0393219e-01   3.4338405e+00
  3.1422076e-01   3.0764159e+00
  3.2428917e-01   2.7632785e+00
  3.3446410e-01   2.4469783e+00
  3.4456997e-01   2.1775822e+00
  3.5429510e-01   1.9792007e+00
  3.6412164e-01   1.7696924e+00
  3.7398411e-01   1.5841487e+00
  3.8443008e-01   1.4101296e+00
  3.9457947e-01   1.2722775e+00
  4.0408038e-01   1.1481077e+00
  4.1404548e-01   1.0281972e+00
  4.2418608e-01   9.3332975e-01
  4.3445029e-01   8.3423027e-01
  4.4458407e-01   7.7057918e-01
  4.5433794e-01   6.9781112e-01
  4.6417242e-01   6.4462323e-01
  4.7412647e-01   5.9656724e-01
  4.8419259e-01   5.5656294e-01
  4.9417771e-01   5.4095369e-01
  5.0459614e-01   4.8498125e-01
  5.1500546e-01   3.9272562e-01
  5.2466725e-01   3.5214291e-01
  5.3450280e-01   2.9710425e-01
  5.4442274e-01   2.7062341e-01
  5.5468065e-01   2.4064075e-01
  5.6500035e-01   2.1476952e-01
  5.7472267e-01   1.9215890e-01
  5.8450014e-01   1.6599461e-01
  5.9443642e-01   1.5673109e-01
  6.0471646e-01   1.3482290e-01
  6.1475321e-01   1.2706267e-01
  6.2477433e-01   1.1238025e-01
  6.3495837e-01   1.0437914e-01
  6.4411762e-01   9.9699432e-02
  6.5458975e-01   8.8456493e-02
  6.6515647e-01   8.8352703e-02
  6.7517831e-01   8.4226697e-02
  6.8602720e-01   8.2225889e-02
  6.9303679e-01   8.4889588e-02
  7.0147850e-01   8.5698781e-02
