  0.0000000e+00   1.1675033e+06
  1.2071068e-02   7.1185806e+05
  2.3251408e-02   3.5962142e+05
  3.3071316e-02   4.0087967e+05
  4.2388540e-02   1.9766927e+05
  5.3287127e-02   1.9214066e+05
  6.3374769e-02   1.5030016e+05
  7.3373062e-02   8.4817341e+04
  8.3862812e-02   1.0481997e+05
  9.3876991e-02   1.1790005e+05
  1.0376586e-01   8.5926264e+04
  1.1341626e-01   9.4362840e+04
  1.2325692e-01   7.1652272e+04
  1.3388280e-01   6.3533400e+04
  1.4416052e-01   6.1717159e+04
  1.5388090e-01   1.1038347e+05
  1.6410125e-01   6.1777931e+04
  1.7389451e-01   7.7799124e+04
  1.8411185e-01   4.0658895e+04
  1.9420269e-01   6.3943576e+04
  2.0387838e-01   5.9976286e+04
  2.1426445e-01   2.2602784e+04
  2.2421832e-01   4.2177151e+04
  2.3386484e-01   4.3140815e+04
  2.4365149e-01   2.9064147e+04
  2.5390777e-01   3.8187055e+04
  2.6447845e-01   2.7120641e+04
  2.7438473e-01   4.6629299e+04
  2.8406375e-01   7.7335836e+04
  2.9398167e-01   7.0658496e+02
  3.0393219e-01   3.5566971e+04
  3.1422076e-01   3.0883273e+04
  3.2428917e-01   3.4964971e+04
  3.3446410e-01   2.8964791e+04
  3.4456997e-01   1.6673724e+04
  3.5429510e-01   1.8140895e+04
  3.6412164e-01   1.5853644e+04
  3.7398411e-01   1.7080639e+04
  3.8443008e-01   1.4697045e+04
  3.9457947e-01   1.3305273e+04
  4.0408038e-01   1.4204028e+04
  4.1404548e-01   9.4279760e+03
  4.2418608e-01   9.3179719e+03
  4.3445029e-01   1.0465886e+04
  4.4458407e-01   1.1108943e+04
  4.5433794e-01   1.0444970e+04
  4.6417242e-01   5.2013927e+03
  4.7412647e-01   6.2589181e+03
  4.8419259e-01   9.0553529e+03
  4.9417771e-01   7.7777186e+03
  5.0459614e-01   3.3529121e+03
  5.1500546e-01   1.7811563e+01
  5.2466725e-01   1.3283920e+01
  5.3450280e-01   8.9782951e+00
  5.4442274e-01   7.6849906e+00
  5.5468065e-01   6.6039251e+00
  5.6500035e-01   5.1557283e+00
  5.7472267e-01   4.2715028e+00
  5.8450014e-01   3.5234913e+00
  5.9443642e-01   3.2752372e+00
  6.0471646e-01   2.4404948e+00
  6.1475321e-01   2.3214083e+00
  6.2477433e-01   1.6870615e+00
  6.3495837e-01   1.4504163e+00
  6.4411762e-01   1.1788965e+00
  6.5458975e-01   8.8206151e-01
  6.6515647e-01   6.7712009e-01
  6.7517831e-01   4.9077825e-01
  6.8602720e-01   2.7454287e-01
  6.9303679e-01   1.6907571e-01
  7.0147850e-01   1.8161082e-01
