  0.0000000e+00   6.9469354e-03
  1.2071068e-02   7.1720842e+03
  2.3251408e-02   1.9543406e+03
  3.3071316e-02   9.2482048e+02
  4.2388540e-02   5.5871466e+02
  5.3287127e-02   3.4211581e+02
  6.3374769e-02   2.3874952e+02
  7.3373062e-02   1.7716388e+02
  8.3862812e-02   1.3128904e+02
  9.3876991e-02   1.0503137e+02
  1.0376586e-01   8.4219732e+01
  1.1341626e-01   6.9451225e+01
  1.2325692e-01   5.7907425e+01
  1.3388280e-01   4.7179827e+01
  1.4416052e-01   3.9854976e+01
  1.5388090e-01   3.4921180e+01
  1.6410125e-01   2.9021976e+01
  1.7389451e-01   2.5008533e+01
  1.8411185e-01   2.1887350e+01
  1.9420269e-01   1.8883978e+01
  2.0387838e-01   1.6451503e+01
  2.1426445e-01   1.4381305e+01
  2.2421832e-01   1.2604931e+01
  2.3386484e-01   1.1178851e+01
  2.4365149e-01   9.8175175e+00
  2.5390777e-01   8.6562061e+00
  2.6447845e-01   7.5875236e+00
  2.7438473e-01   6.6907316e+00
  2.8406375e-01   5.9769970e+00
  2.9398167e-01   5.2128527e+00
  3.0393219e-01   4.6881101e+00
  3.1422076e-01   4.1626743e+00
  3.2428917e-01   3.6891440e+00
  3.3446410e-01   3.2480813e+00
  3.4456997e-01   2.8605009e+00
  3.5429510e-01   2.5693323e+00
  3.6412164e-01   2.2803553e+00
  3.7398411e-01   2.0165428e+00
  3.8443008e-01   1.7840177e+00
  3.9457947e-01   1.5818965e+00
  4.0408038e-01   1.4088450e+00
  4.1404548e-01   1.2477337e+00
  4.2418608e-01   1.1136082e+00
  4.3445029e-01   9.8316360e-01
  4.4458407e-01   8.8753900e-01
  4.5433794e-01   7.8963822e-01
  4.6417242e-01   7.2079905e-01
  4.7412647e-01   6.5294756e-01
  4.8419259e-01   6.0575602e-01
  4.9417771e-01   5.8527891e-01
  5.0459614e-01   4.4410123e-01
  5.1500546e-01   3.9974492e-01
  5.2466725e-01   3.5857039e-01
  5.3450280e-01   3.0359595e-01
  5.4442274e-01   2.7568800e-01
  5.5468065e-01   2.3986594e-01
  5.6500035e-01   2.1344682e-01
  5.7472267e-01   1.8766436e-01
  5.8450014e-01   1.6064986e-01
  5.9443642e-01   1.4804741e-01
  6.0471646e-01   1.3115913e-01
  6.1475321e-01   1.1241342e-01
  6.2477433e-01   9.9595754e-02
  6.3495837e-01   9.5560945e-02
  6.4411762e-01   7.7557344e-02
  6.5458975e-01   7.3344253e-02
  6.6515647e-01   6.9827188e-02
  6.7517831e-01   6.3560828e-02
  6.8602720e-01   5.7973179e-02
  6.9303679e-01   4.7264631e-02
  7.0147850e-01   1.8678416e-02
