  0.0000000e+00   3.1729468e+06
  1.2071068e-02   6.2832322e+02
  2.3251408e-02   7.1357299e+01
  3.3071316e-02   2.5067116e+01
  4.2388540e-02   1.6055002e+01
  5.3287127e-02   1.5833010e+01
  6.3374769e-02   9.8683008e+01
  7.3373062e-02   3.0816161e+01
  8.3862812e-02   1.3592307e+01
  9.3876991e-02   1.2200174e+01
  1.0376586e-01   1.4997573e+01
  1.1341626e-01   1.0602200e+01
  1.2325692e-01   1.1863271e+01
  1.3388280e-01   1.2146784e+01
  1.4416052e-01   8.8806751e+00
  1.5388090e-01   8.1809467e+00
  1.6410125e-01   7.4917669e+00
  1.7389451e-01   7.2949932e+00
  1.8411185e-01   1.0365151e+01
  1.9420269e-01   9.9519664e+00
  2.0387838e-01   7.5706820e+00
  2.1426445e-01   6.6150194e+00
  2.2421832e-01   6.6137132e+00
  2.3386484e-01   6.9890177e+00
  2.4365149e-01   6.6114459e+00
  2.5390777e-01   6.6274894e+00
  2.6447845e-01   6.4593824e+00
  2.7438473e-01   6.7046003e+00
  2.8406375e-01   6.8712478e+00
  2.9398167e-01   6.7606051e+00
  3.0393219e-01   6.9270515e+00
  3.1422076e-01   6.8112356e+00
  3.2428917e-01   7.3382229e+00
  3.3446410e-01   7.2625992e+00
  3.4456997e-01   6.9518232e+00
  3.5429510e-01   7.1532276e+00
  3.6412164e-01   6.9996577e+00
  3.7398411e-01   7.3159816e+00
  3.8443008e-01   6.6981582e+00
  3.9457947e-01   7.5515180e+00
  4.0408038e-01   7.5755584e+00
  4.1404548e-01   6.8023498e+00
  4.2418608e-01   7.0324198e+00
  4.3445029e-01   7.2079646e+00
  4.4458407e-01   7.2045221e+00
  4.5433794e-01   7.7040172e+00
  4.6417242e-01   7.3017057e+00
  4.7412647e-01   7.9572494e+00
  4.8419259e-01   7.6010957e+00
  4.9417771e-01   7.9658832e+00
  5.0459614e-01   5.1489165e+00
  5.1500546e-01   1.8420094e+00
  5.2466725e-01   1.6155151e+00
  5.3450280e-01   1.3137666e+00
  5.4442274e-01   1.0170263e+00
  5.5468065e-01   1.2033567e+00
  5.6500035e-01   5.1940634e-01
  5.7472267e-01   7.4185682e-01
  5.8450014e-01   4.2831516e-01
  5.9443642e-01   3.1889615e-01
  6.0471646e-01   2.6841407e-01
  6.1475321e-01   2.8861934e-01
  6.2477433e-01   3.2223462e-01
  6.3495837e-01   1.9194391e-01
  6.4411762e-01   2.3500148e-01
  6.5458975e-01   2.6634321e-01
  6.6515647e-01   2.2147550e-01
  6.7517831e-01   1.5430324e-01
  6.8602720e-01   1.5418771e-01
  6.9303679e-01   1.6287021e-01
  7.0147850e-01   1.7087322e-01
