  0.0000000e+00   3.9888576e+04
  1.2071068e-02   5.7449975e+03
  2.3251408e-02   1.5388876e+03
  3.3071316e-02   7.3252320e+02
  4.2388540e-02   4.4059745e+02
  5.3287127e-02   2.7122686e+02
  6.3374769e-02   1.8939345e+02
  7.3373062e-02   1.4110583e+02
  8.3862812e-02   1.0442427e+02
  9.3876991e-02   8.3860668e+01
  1.0376586e-01   6.7873113e+01
  1.1341626e-01   5.6144156e+01
  1.2325692e-01   4.7109672e+01
  1.3388280e-01   3.8651424e+01
  1.4416052e-01   3.2799749e+01
  1.5388090e-01   2.8975042e+01
  1.6410125e-01   2.4332088e+01
  1.7389451e-01   2.1094962e+01
  1.8411185e-01   1.8722682e+01
  1.9420269e-01   1.6360872e+01
  2.0387838e-01   1.4436363e+01
  2.1426445e-01   1.2846217e+01
  2.2421832e-01   1.1458425e+01
  2.3386484e-01   1.0354270e+01
  2.4365149e-01   9.2666448e+00
  2.5390777e-01   8.3496982e+00
  2.6447845e-01   7.2625956e+00
  2.7438473e-01   6.3674823e+00
  2.8406375e-01   5.6523460e+00
  2.9398167e-01   4.9470776e+00
  3.0393219e-01   4.4281819e+00
  3.1422076e-01   3.9346880e+00
  3.2428917e-01   3.4656444e+00
  3.3446410e-01   3.0638551e+00
  3.4456997e-01   2.6991425e+00
  3.5429510e-01   2.4191966e+00
  3.6412164e-01   2.1675776e+00
  3.7398411e-01   1.9122693e+00
  3.8443008e-01   1.7015584e+00
  3.9457947e-01   1.5151972e+00
  4.0408038e-01   1.3550751e+00
  4.1404548e-01   1.2109831e+00
  4.2418608e-01   1.0869380e+00
  4.3445029e-01   9.6609616e-01
  4.4458407e-01   8.8172359e-01
  4.5433794e-01   7.9002394e-01
  4.6417242e-01   7.2603649e-01
  4.7412647e-01   6.6372745e-01
  4.8419259e-01   6.1452829e-01
  4.9417771e-01   5.8923294e-01
  5.0459614e-01   5.3221497e-01
  5.1500546e-01   4.4298719e-01
  5.2466725e-01   3.9816138e-01
  5.3450280e-01   3.3547641e-01
  5.4442274e-01   3.0432786e-01
  5.5468065e-01   2.6880620e-01
  5.6500035e-01   2.3725584e-01
  5.7472267e-01   2.1012229e-01
  5.8450014e-01   1.7978120e-01
  5.9443642e-01   1.6838818e-01
  6.0471646e-01   1.4366694e-01
  6.1475321e-01   1.3435111e-01
  6.2477433e-01   1.1823289e-01
  6.3495837e-01   1.0904023e-01
  6.4411762e-01   1.0337271e-01
  6.5458975e-01   9.1013626e-02
  6.6515647e-01   9.0092322e-02
  6.7517831e-01   8.5373510e-02
  6.8602720e-01   8.2744367e-02
  6.9303679e-01   8.5158906e-02
  7.0147850e-01   8.5774867e-02
