  0.0000000e+00   3.1729468e+06
  1.2071068e-02   6.4717137e+02
  2.3251408e-02   7.4150608e+01
  3.3071316e-02   2.1745510e+01
  4.2388540e-02   9.9143582e+00
  5.3287127e-02   5.1168694e+00
  6.3374769e-02   2.9561587e+00
  7.3373062e-02   1.9241579e+00
  8.3862812e-02   1.3146031e+00
  9.3876991e-02   9.6986747e-01
  1.0376586e-01   7.5966798e-01
  1.1341626e-01   6.0749593e-01
  1.2325692e-01   4.9183074e-01
  1.3388280e-01   4.1151411e-01
  1.4416052e-01   3.3751104e-01
  1.5388090e-01   2.9633563e-01
  1.6410125e-01   2.5720288e-01
  1.7389451e-01   2.2701650e-01
  1.8411185e-01   2.0920762e-01
  1.9420269e-01   1.8901722e-01
  2.0387838e-01   1.7977050e-01
  2.1426445e-01   1.7477504e-01
  2.2421832e-01   1.8913703e-01
  2.3386484e-01   2.5071237e-01
  2.4365149e-01   4.7640485e-01
  2.5390777e-01   7.7688093e-01
  2.6447845e-01   9.9770192e-01
  2.7438473e-01   8.0180117e-01
  2.8406375e-01   7.2912112e-01
  2.9398167e-01   7.0777098e-01
  3.0393219e-01   6.9220577e-01
  3.1422076e-01   4.3359303e-01
  3.2428917e-01   7.1984149e-01
  3.3446410e-01   7.4303668e-01
  3.4456997e-01   4.7004381e-01
  3.5429510e-01   5.0056113e-01
  3.6412164e-01   8.8088922e-01
  3.7398411e-01   5.5810560e-01
  3.8443008e-01   5.2507891e-01
  3.9457947e-01   1.0821909e+00
  4.0408038e-01   6.4210280e-01
  4.1404548e-01   5.5574229e-01
  4.2418608e-01   5.4692212e-01
  4.3445029e-01   8.3223247e-01
  4.4458407e-01   4.9815742e-01
  4.5433794e-01   4.9145132e-01
  4.6417242e-01   4.4893701e-01
  4.7412647e-01   4.5833423e-01
  4.8419259e-01   6.9918102e-01
  4.9417771e-01   4.8343319e-01
  5.0459614e-01   4.5592294e-01
  5.1500546e-01   5.8978587e-01
  5.2466725e-01   6.7455574e-01
  5.3450280e-01   6.7940491e-01
  5.4442274e-01   8.5015006e-01
  5.5468065e-01   8.6546428e-01
  5.6500035e-01   1.2942161e-01
  5.7472267e-01   1.3026579e-01
  5.8450014e-01   1.2644589e-01
  5.9443642e-01   1.5419045e-01
  6.0471646e-01   1.1751803e-01
  6.1475321e-01   1.6658270e-01
  6.2477433e-01   1.6885434e-01
  6.3495837e-01   1.5658856e-01
  6.4411762e-01   2.2760552e-01
  6.5458975e-01   2.1404928e-01
  6.6515647e-01   2.5175193e-01
  6.7517831e-01   3.0587743e-01
  6.8602720e-01   4.4712693e-01
  6.9303679e-01   5.7459565e-01
  7.0147850e-01   6.7936012e-01
