  0.0000000e+00   3.1729468e+06
  1.2071068e-02   4.8406607e+02
  2.3251408e-02   5.4706437e+01
  3.3071316e-02   1.6125262e+01
  4.2388540e-02   7.0814484e+00
  5.3287127e-02   3.6618381e+00
  6.3374769e-02   2.0546508e+00
  7.3373062e-02   1.3273781e+00
  8.3862812e-02   9.0817627e-01
  9.3876991e-02   6.6219730e-01
  1.0376586e-01   5.1475321e-01
  1.1341626e-01   4.0763258e-01
  1.2325692e-01   3.3111520e-01
  1.3388280e-01   2.8432795e-01
  1.4416052e-01   2.3926372e-01
  1.5388090e-01   2.1336355e-01
  1.6410125e-01   1.9323968e-01
  1.7389451e-01   1.7747203e-01
  1.8411185e-01   1.6799961e-01
  1.9420269e-01   1.5649934e-01
  2.0387838e-01   1.5560276e-01
  2.1426445e-01   1.5526096e-01
  2.2421832e-01   1.7199702e-01
  2.3386484e-01   2.2189586e-01
  2.4365149e-01   3.9895271e-01
  2.5390777e-01   5.7390593e-01
  2.6447845e-01   7.2838768e-01
  2.7438473e-01   5.9292416e-01
  2.8406375e-01   5.4755283e-01
  2.9398167e-01   5.5187140e-01
  3.0393219e-01   5.6004084e-01
  3.1422076e-01   3.7625358e-01
  3.2428917e-01   6.0348491e-01
  3.3446410e-01   6.3772047e-01
  3.4456997e-01   4.2053433e-01
  3.5429510e-01   4.4267878e-01
  3.6412164e-01   7.6163161e-01
  3.7398411e-01   4.9621910e-01
  3.8443008e-01   4.6542291e-01
  3.9457947e-01   9.2043085e-01
  4.0408038e-01   5.6484338e-01
  4.1404548e-01   4.9075244e-01
  4.2418608e-01   4.8941869e-01
  4.3445029e-01   7.3001854e-01
  4.4458407e-01   4.7042430e-01
  4.5433794e-01   4.5915087e-01
  4.6417242e-01   4.3620952e-01
  4.7412647e-01   4.4166449e-01
  4.8419259e-01   6.3994433e-01
  4.9417771e-01   4.3898773e-01
  5.0459614e-01   4.2808524e-01
  5.1500546e-01   5.5080213e-01
  5.2466725e-01   5.9660754e-01
  5.3450280e-01   5.9373777e-01
  5.4442274e-01   7.5024532e-01
  5.5468065e-01   9.1519390e-01
  5.6500035e-01   1.3412510e-01
  5.7472267e-01   1.0540240e-01
  5.8450014e-01   1.0387572e-01
  5.9443642e-01   1.0565288e-01
  6.0471646e-01   1.0928287e-01
  6.1475321e-01   1.1472674e-01
  6.2477433e-01   1.1896462e-01
  6.3495837e-01   1.2440574e-01
  6.4411762e-01   1.3302443e-01
  6.5458975e-01   1.3823880e-01
  6.6515647e-01   1.4275244e-01
  6.7517831e-01   1.5101865e-01
  6.8602720e-01   1.5495190e-01
  6.9303679e-01   1.6332823e-01
  7.0147850e-01   1.7092492e-01
