  0.0000000e+00   1.7676228e-02
  1.2071068e-02   7.3959022e+03
  2.3251408e-02   1.9570114e+03
  3.3071316e-02   9.2621771e+02
  4.2388540e-02   5.5978926e+02
  5.3287127e-02   3.4275484e+02
  6.3374769e-02   2.3925718e+02
  7.3373062e-02   1.7757566e+02
  8.3862812e-02   1.3163461e+02
  9.3876991e-02   1.0532634e+02
  1.0376586e-01   8.4465570e+01
  1.1341626e-01   6.9660802e+01
  1.2325692e-01   5.8084840e+01
  1.3388280e-01   4.7336018e+01
  1.4416052e-01   3.9996806e+01
  1.5388090e-01   3.5052415e+01
  1.6410125e-01   2.9137036e+01
  1.7389451e-01   2.5109914e+01
  1.8411185e-01   2.1978080e+01
  1.9420269e-01   1.8963647e+01
  2.0387838e-01   1.6524293e+01
  2.1426445e-01   1.4449921e+01
  2.2421832e-01   1.2669845e+01
  2.3386484e-01   1.1240696e+01
  2.4365149e-01   9.8730649e+00
  2.5390777e-01   8.7063005e+00
  2.6447845e-01   7.6310138e+00
  2.7438473e-01   6.7295929e+00
  2.8406375e-01   6.0120423e+00
  2.9398167e-01   5.2447317e+00
  3.0393219e-01   4.7182745e+00
  3.1422076e-01   4.1908398e+00
  3.2428917e-01   3.7158374e+00
  3.3446410e-01   3.2717109e+00
  3.4456997e-01   2.8816938e+00
  3.5429510e-01   2.5888935e+00
  3.6412164e-01   2.2978352e+00
  3.7398411e-01   2.0324940e+00
  3.8443008e-01   1.7983458e+00
  3.9457947e-01   1.5948806e+00
  4.0408038e-01   1.4211905e+00
  4.1404548e-01   1.2584166e+00
  4.2418608e-01   1.1231432e+00
  4.3445029e-01   9.9110613e-01
  4.4458407e-01   8.9465840e-01
  4.5433794e-01   7.9544640e-01
  4.6417242e-01   7.2569237e-01
  4.7412647e-01   6.5684930e-01
  4.8419259e-01   6.0928621e-01
  4.9417771e-01   5.8790358e-01
  5.0459614e-01   4.4611138e-01
  5.1500546e-01   4.0161727e-01
  5.2466725e-01   3.6037340e-01
  5.3450280e-01   3.0564995e-01
  5.4442274e-01   2.7761847e-01
  5.5468065e-01   2.4170529e-01
  5.6500035e-01   2.1524012e-01
  5.7472267e-01   1.8927098e-01
  5.8450014e-01   1.6193405e-01
  5.9443642e-01   1.4907173e-01
  6.0471646e-01   1.3166445e-01
  6.1475321e-01   1.1253916e-01
  6.2477433e-01   9.9383103e-02
  6.3495837e-01   9.5021697e-02
  6.4411762e-01   7.6839182e-02
  6.5458975e-01   7.2370893e-02
  6.6515647e-01   6.8650516e-02
  6.7517831e-01   6.2379297e-02
  6.8602720e-01   5.6787868e-02
  6.9303679e-01   4.6311526e-02
  7.0147850e-01   1.8254107e-02
