  0.0000000e+00   9.7637060e-03
  1.2071068e-02   7.3902633e+03
  2.3251408e-02   1.9567490e+03
  3.3071316e-02   9.2602111e+02
  4.2388540e-02   5.5965464e+02
  5.3287127e-02   3.4271086e+02
  6.3374769e-02   2.3923152e+02
  7.3373062e-02   1.7754406e+02
  8.3862812e-02   1.3161277e+02
  9.3876991e-02   1.0531143e+02
  1.0376586e-01   8.4459982e+01
  1.1341626e-01   6.9661913e+01
  1.2325692e-01   5.8087665e+01
  1.3388280e-01   4.7336974e+01
  1.4416052e-01   3.9994962e+01
  1.5388090e-01   3.5049479e+01
  1.6410125e-01   2.9133845e+01
  1.7389451e-01   2.5108308e+01
  1.8411185e-01   2.1979941e+01
  1.9420269e-01   1.8966581e+01
  2.0387838e-01   1.6525889e+01
  2.1426445e-01   1.4449077e+01
  2.2421832e-01   1.2667355e+01
  2.3386484e-01   1.1236305e+01
  2.4365149e-01   9.8692760e+00
  2.5390777e-01   8.7045378e+00
  2.6447845e-01   7.6309213e+00
  2.7438473e-01   6.7303360e+00
  2.8406375e-01   6.0141547e+00
  2.9398167e-01   5.2457781e+00
  3.0393219e-01   4.7188750e+00
  3.1422076e-01   4.1907091e+00
  3.2428917e-01   3.7158896e+00
  3.3446410e-01   3.2712130e+00
  3.4456997e-01   2.8814594e+00
  3.5429510e-01   2.5888531e+00
  3.6412164e-01   2.2978091e+00
  3.7398411e-01   2.0324099e+00
  3.8443008e-01   1.7980905e+00
  3.9457947e-01   1.5945785e+00
  4.0408038e-01   1.4200244e+00
  4.1404548e-01   1.2576543e+00
  4.2418608e-01   1.1224541e+00
  4.3445029e-01   9.9063847e-01
  4.4458407e-01   8.9395889e-01
  4.5433794e-01   7.9505859e-01
  4.6417242e-01   7.2538728e-01
  4.7412647e-01   6.5669315e-01
  4.8419259e-01   6.0913082e-01
  4.9417771e-01   5.8773824e-01
  5.0459614e-01   4.4633307e-01
  5.1500546e-01   4.0183603e-01
  5.2466725e-01   3.6050275e-01
  5.3450280e-01   3.0547884e-01
  5.4442274e-01   2.7732665e-01
  5.5468065e-01   2.4130797e-01
  5.6500035e-01   2.1471414e-01
  5.7472267e-01   1.8876667e-01
  5.8450014e-01   1.6160214e-01
  5.9443642e-01   1.4887901e-01
  6.0471646e-01   1.3193653e-01
  6.1475321e-01   1.1303578e-01
  6.2477433e-01   1.0018388e-01
  6.3495837e-01   9.6092279e-02
  6.4411762e-01   7.7884532e-02
  6.5458975e-01   7.3569435e-02
  6.6515647e-01   7.0008128e-02
  6.7517831e-01   6.3751300e-02
  6.8602720e-01   5.8170146e-02
  6.9303679e-01   4.7448727e-02
  7.0147850e-01   1.8741026e-02
