  0.0000000e+00   3.9888576e+04
  1.2071068e-02   7.3933687e+03
  2.3251408e-02   1.9541466e+03
  3.3071316e-02   9.2340767e+02
  4.2388540e-02   5.5717361e+02
  5.3287127e-02   3.4070790e+02
  6.3374769e-02   2.3729314e+02
  7.3373062e-02   1.7585826e+02
  8.3862812e-02   1.3007422e+02
  9.3876991e-02   1.0389806e+02
  1.0376586e-01   8.3198649e+01
  1.1341626e-01   6.8490636e+01
  1.2325692e-01   5.7047367e+01
  1.3388280e-01   4.6397518e+01
  1.4416052e-01   3.9138131e+01
  1.5388090e-01   3.4244563e+01
  1.6410125e-01   2.8415183e+01
  1.7389451e-01   2.4450835e+01
  1.8411185e-01   2.1361217e+01
  1.9420269e-01   1.8404568e+01
  2.0387838e-01   1.6007995e+01
  2.1426445e-01   1.3969711e+01
  2.2421832e-01   1.2221647e+01
  2.3386484e-01   1.0816868e+01
  2.4365149e-01   9.4851685e+00
  2.5390777e-01   8.3411850e+00
  2.6447845e-01   7.2973954e+00
  2.7438473e-01   6.4187848e+00
  2.8406375e-01   5.7182452e+00
  2.9398167e-01   4.9816583e+00
  3.0393219e-01   4.4663323e+00
  3.1422076e-01   3.9578920e+00
  3.2428917e-01   3.4938854e+00
  3.3446410e-01   3.0732688e+00
  3.4456997e-01   2.6988372e+00
  3.5429510e-01   2.4171489e+00
  3.6412164e-01   2.1443590e+00
  3.7398411e-01   1.8912291e+00
  3.8443008e-01   1.6732101e+00
  3.9457947e-01   1.4820024e+00
  4.0408038e-01   1.3201332e+00
  4.1404548e-01   1.1714946e+00
  4.2418608e-01   1.0476970e+00
  4.3445029e-01   9.2773235e-01
  4.4458407e-01   8.4220546e-01
  4.5433794e-01   7.5366217e-01
  4.6417242e-01   6.9208748e-01
  4.7412647e-01   6.3308456e-01
  4.8419259e-01   5.9035285e-01
  4.9417771e-01   5.7642498e-01
  5.0459614e-01   4.3411998e-01
  5.1500546e-01   3.8772877e-01
  5.2466725e-01   3.4794515e-01
  5.3450280e-01   2.9158194e-01
  5.4442274e-01   2.6581277e-01
  5.5468065e-01   2.3077471e-01
  5.6500035e-01   2.0557149e-01
  5.7472267e-01   1.8046658e-01
  5.8450014e-01   1.5378218e-01
  5.9443642e-01   1.4254231e-01
  6.0471646e-01   1.2618709e-01
  6.1475321e-01   1.0874360e-01
  6.2477433e-01   9.6508684e-02
  6.3495837e-01   9.3082165e-02
  6.4411762e-01   7.6072981e-02
  6.5458975e-01   7.2386733e-02
  6.6515647e-01   6.9867858e-02
  6.7517831e-01   6.3887032e-02
  6.8602720e-01   5.8599611e-02
  6.9303679e-01   4.8432389e-02
  7.0147850e-01   1.8969905e-02
