  0.0000000e+00   7.4937262e-01
  1.2071068e-02   6.1588200e+02
  2.3251408e-02   6.0274736e+01
  3.3071316e-02   1.5940730e+01
  4.2388540e-02   6.6747412e+00
  5.3287127e-02   3.2723920e+00
  6.3374769e-02   1.6591892e+00
  7.3373062e-02   1.0586957e+00
  8.3862812e-02   6.7312579e-01
  9.3876991e-02   4.6381404e-01
  1.0376586e-01   3.4973980e-01
  1.1341626e-01   2.6136079e-01
  1.2325692e-01   2.1565889e-01
  1.3388280e-01   1.7496612e-01
  1.4416052e-01   1.4286616e-01
  1.5388090e-01   1.2396746e-01
  1.6410125e-01   1.1012772e-01
  1.7389451e-01   9.8339007e-02
  1.8411185e-01   8.9573525e-02
  1.9420269e-01   8.2258183e-02
  2.0387838e-01   7.7275270e-02
  2.1426445e-01   7.3593078e-02
  2.2421832e-01   6.9552389e-02
  2.3386484e-01   6.7420305e-02
  2.4365149e-01   6.2998592e-02
  2.5390777e-01   6.1860243e-02
  2.6447845e-01   6.0593049e-02
  2.7438473e-01   5.9256160e-02
  2.8406375e-01   5.8178317e-02
  2.9398167e-01   5.5666979e-02
  3.0393219e-01   5.5219374e-02
  3.1422076e-01   5.4331405e-02
  3.2428917e-01   5.4598055e-02
  3.3446410e-01   5.3225740e-02
  3.4456997e-01   5.3014041e-02
  3.5429510e-01   5.3441748e-02
  3.6412164e-01   5.2251355e-02
  3.7398411e-01   5.3582088e-02
  3.8443008e-01   5.2489341e-02
  3.9457947e-01   5.3974961e-02
  4.0408038e-01   5.5429759e-02
  4.1404548e-01   5.5328718e-02
  4.2418608e-01   5.6538045e-02
  4.3445029e-01   5.6248321e-02
  4.4458407e-01   5.9791914e-02
  4.5433794e-01   6.1111538e-02
  4.6417242e-01   6.2189975e-02
  4.7412647e-01   6.5367527e-02
  4.8419259e-01   6.6695775e-02
  4.9417771e-01   7.1357075e-02
  5.0459614e-01   5.4473842e-02
  5.1500546e-01   5.1642934e-02
  5.2466725e-01   5.1696537e-02
  5.3450280e-01   4.9565706e-02
  5.4442274e-01   5.2199776e-02
  5.5468065e-01   5.1733584e-02
  5.6500035e-01   5.3623420e-02
  5.7472267e-01   5.3745490e-02
  5.8450014e-01   5.5075162e-02
  5.9443642e-01   5.6858276e-02
  6.0471646e-01   6.0779505e-02
  6.1475321e-01   6.0909970e-02
  6.2477433e-01   6.4423189e-02
  6.3495837e-01   7.0609780e-02
  6.4411762e-01   6.7370515e-02
  6.5458975e-01   7.5724191e-02
  6.6515647e-01   8.0584897e-02
  6.7517831e-01   8.1555270e-02
  6.8602720e-01   8.2242129e-02
  6.9303679e-01   7.3613932e-02
  7.0147850e-01   2.6743803e-02
