  0.0000000e+00   9.5465420e-03
  1.2071068e-02   6.8141711e+03
  2.3251408e-02   1.9000704e+03
  3.3071316e-02   9.1472152e+02
  4.2388540e-02   5.5795387e+02
  5.3287127e-02   3.4212721e+02
  6.3374769e-02   2.3887251e+02
  7.3373062e-02   1.7734869e+02
  8.3862812e-02   1.3149761e+02
  9.3876991e-02   1.0517149e+02
  1.0376586e-01   8.4361122e+01
  1.1341626e-01   6.9575005e+01
  1.2325692e-01   5.8029186e+01
  1.3388280e-01   4.7302377e+01
  1.4416052e-01   3.9955808e+01
  1.5388090e-01   3.5006656e+01
  1.6410125e-01   2.9104415e+01
  1.7389451e-01   2.5082488e+01
  1.8411185e-01   2.1963022e+01
  1.9420269e-01   1.8944554e+01
  2.0387838e-01   1.6507006e+01
  2.1426445e-01   1.4438240e+01
  2.2421832e-01   1.2656892e+01
  2.3386484e-01   1.1228196e+01
  2.4365149e-01   9.8630365e+00
  2.5390777e-01   8.7004438e+00
  2.6447845e-01   7.6265812e+00
  2.7438473e-01   6.7291758e+00
  2.8406375e-01   6.0107561e+00
  2.9398167e-01   5.2463368e+00
  3.0393219e-01   4.7194553e+00
  3.1422076e-01   4.1926661e+00
  3.2428917e-01   3.7168963e+00
  3.3446410e-01   3.2740675e+00
  3.4456997e-01   2.8856910e+00
  3.5429510e-01   2.5938710e+00
  3.6412164e-01   2.3051435e+00
  3.7398411e-01   2.0416027e+00
  3.8443008e-01   1.8068773e+00
  3.9457947e-01   1.6072105e+00
  4.0408038e-01   1.4345321e+00
  4.1404548e-01   1.2737788e+00
  4.2418608e-01   1.1425910e+00
  4.3445029e-01   1.0110623e+00
  4.4458407e-01   9.1989997e-01
  4.5433794e-01   8.2109920e-01
  4.6417242e-01   7.5161987e-01
  4.7412647e-01   6.8475925e-01
  4.8419259e-01   6.3340180e-01
  4.9417771e-01   6.0598758e-01
  5.0459614e-01   5.4858831e-01
  5.1500546e-01   4.5505067e-01
  5.2466725e-01   4.0738025e-01
  5.3450280e-01   3.4308391e-01
  5.4442274e-01   3.0994786e-01
  5.5468065e-01   2.7387295e-01
  5.6500035e-01   2.4237365e-01
  5.7472267e-01   2.1524184e-01
  5.8450014e-01   1.8451192e-01
  5.9443642e-01   1.7280023e-01
  6.0471646e-01   1.4699900e-01
  6.1475321e-01   1.3729416e-01
  6.2477433e-01   1.2019981e-01
  6.3495837e-01   1.1041078e-01
  6.4411762e-01   1.0438456e-01
  6.5458975e-01   9.1530294e-02
  6.6515647e-01   9.0313056e-02
  6.7517831e-01   8.5470582e-02
  6.8602720e-01   8.2766410e-02
  6.9303679e-01   8.5159136e-02
  7.0147850e-01   8.5775220e-02
