  0.0000000e+00   3.1722137e-10
  1.2071068e-02   1.8788108e-06
  2.3251408e-02   1.7637574e-05
  3.3071316e-02   6.1763462e-05
  4.2388540e-02   1.5244797e-04
  5.3287127e-02   3.1935803e-04
  6.3374769e-02   5.9663014e-04
  7.3373062e-02   9.3991737e-04
  8.3862812e-02   1.4884038e-03
  9.3876991e-02   2.1051111e-03
  1.0376586e-01   2.8308325e-03
  1.1341626e-01   3.6985258e-03
  1.2325692e-01   4.6074231e-03
  1.3388280e-01   5.7969124e-03
  1.4416052e-01   6.7102163e-03
  1.5388090e-01   7.7198992e-03
  1.6410125e-01   8.8855186e-03
  1.7389451e-01   9.8659869e-03
  1.8411185e-01   1.0768122e-02
  1.9420269e-01   1.1813105e-02
  2.0387838e-01   1.2640226e-02
  2.1426445e-01   1.3809005e-02
  2.2421832e-01   1.4484175e-02
  2.3386484e-01   1.5235380e-02
  2.4365149e-01   1.5875884e-02
  2.5390777e-01   1.6416630e-02
  2.6447845e-01   1.7709532e-02
  2.7438473e-01   1.7970618e-02
  2.8406375e-01   1.8255475e-02
  2.9398167e-01   1.9502125e-02
  3.0393219e-01   1.9508494e-02
  3.1422076e-01   2.0307700e-02
  3.2428917e-01   2.0381003e-02
  3.3446410e-01   2.1537626e-02
  3.4456997e-01   2.1857984e-02
  3.5429510e-01   2.2097642e-02
  3.6412164e-01   2.3098718e-02
  3.7398411e-01   2.3232883e-02
  3.8443008e-01   2.4628483e-02
  3.9457947e-01   2.4867289e-02
  4.0408038e-01   2.5570114e-02
  4.1404548e-01   2.6570879e-02
  4.2418608e-01   2.7369874e-02
  4.3445029e-01   2.8275261e-02
  4.4458407e-01   2.9517755e-02
  4.5433794e-01   3.0446948e-02
  4.6417242e-01   3.1960884e-02
  4.7412647e-01   3.3171651e-02
  4.8419259e-01   3.4911545e-02
  4.9417771e-01   3.6828960e-02
  5.0459614e-01   3.5854880e-02
  5.1500546e-01   4.0717689e-02
  5.2466725e-01   4.2762583e-02
  5.3450280e-01   4.3534196e-02
  5.4442274e-01   4.6677432e-02
  5.5468065e-01   4.7070215e-02
  5.6500035e-01   4.9503928e-02
  5.7472267e-01   5.0131977e-02
  5.8450014e-01   5.1948645e-02
  5.9443642e-01   5.3797837e-02
  6.0471646e-01   5.7913721e-02
  6.1475321e-01   5.8242621e-02
  6.2477433e-01   6.1852915e-02
  6.3495837e-01   6.7977009e-02
  6.4411762e-01   6.5017511e-02
  6.5458975e-01   7.3251766e-02
  6.6515647e-01   7.8075923e-02
  6.7517831e-01   7.9103014e-02
  6.8602720e-01   7.9863086e-02
  6.9303679e-01   7.1501968e-02
  7.0147850e-01   2.5978149e-02
