  0.0000000e+00   3.1729468e+06
  1.2071068e-02   7.9464094e+02
  2.3251408e-02   1.0334967e+02
  3.3071316e-02   3.8802475e+01
  4.2388540e-02   1.9111061e+01
  5.3287127e-02   1.0969259e+01
  6.3374769e-02   6.7923972e+00
  7.3373062e-02   4.9621780e+00
  8.3862812e-02   3.4744874e+00
  9.3876991e-02   2.7318132e+00
  1.0376586e-01   2.1999334e+00
  1.1341626e-01   1.7487830e+00
  1.2325692e-01   1.4835370e+00
  1.3388280e-01   1.2394321e+00
  1.4416052e-01   1.0427283e+00
  1.5388090e-01   9.0001536e-01
  1.6410125e-01   7.7864389e-01
  1.7389451e-01   6.8068521e-01
  1.8411185e-01   5.9624521e-01
  1.9420269e-01   5.3430053e-01
  2.0387838e-01   4.7333273e-01
  2.1426445e-01   4.3357471e-01
  2.2421832e-01   3.8567171e-01
  2.3386484e-01   3.5486054e-01
  2.4365149e-01   3.2404779e-01
  2.5390777e-01   2.9205850e-01
  2.6447845e-01   2.6778018e-01
  2.7438473e-01   2.4630898e-01
  2.8406375e-01   2.2987729e-01
  2.9398167e-01   2.1280162e-01
  3.0393219e-01   1.9534976e-01
  3.1422076e-01   1.8525984e-01
  3.2428917e-01   1.7117165e-01
  3.3446410e-01   1.6192787e-01
  3.4456997e-01   1.5194418e-01
  3.5429510e-01   1.4338593e-01
  3.6412164e-01   1.3552695e-01
  3.7398411e-01   1.3054411e-01
  3.8443008e-01   1.2454338e-01
  3.9457947e-01   1.1870402e-01
  4.0408038e-01   1.1524196e-01
  4.1404548e-01   1.1195072e-01
  4.2418608e-01   1.0995492e-01
  4.3445029e-01   1.0617984e-01
  4.4458407e-01   1.0698029e-01
  4.5433794e-01   1.0585318e-01
  4.6417242e-01   1.0615335e-01
  4.7412647e-01   1.0802699e-01
  4.8419259e-01   1.0801581e-01
  4.9417771e-01   1.1209913e-01
  5.0459614e-01   9.3868948e-02
  5.1500546e-01   9.3526580e-02
  5.2466725e-01   9.3372764e-02
  5.3450280e-01   8.7230246e-02
  5.4442274e-01   8.9972207e-02
  5.5468065e-01   8.5609395e-02
  5.6500035e-01   8.6741731e-02
  5.7472267e-01   8.3470197e-02
  5.8450014e-01   8.2867807e-02
  5.9443642e-01   8.4430856e-02
  6.0471646e-01   8.5749657e-02
  6.1475321e-01   8.4078437e-02
  6.2477433e-01   8.6356744e-02
  6.3495837e-01   9.2239065e-02
  6.4411762e-01   8.5235359e-02
  6.5458975e-01   9.6055281e-02
  6.6515647e-01   9.9769106e-02
  6.7517831e-01   9.8867760e-02
  6.8602720e-01   9.7448282e-02
  6.9303679e-01   8.8673943e-02
  7.0147850e-01   3.1279664e-02
