  0.0000000e+00   3.1729468e+06
  1.2071068e-02   1.9026204e+02
  2.3251408e-02   3.1028868e+01
  3.3071316e-02   1.0498718e+01
  4.2388540e-02   5.7513123e+00
  5.3287127e-02   3.2394219e+00
  6.3374769e-02   2.1174151e+00
  7.3373062e-02   1.5255770e+00
  8.3862812e-02   1.1154723e+00
  9.3876991e-02   8.8582439e-01
  1.0376586e-01   7.2290360e-01
  1.1341626e-01   5.8990449e-01
  1.2325692e-01   5.0651049e-01
  1.3388280e-01   4.3668364e-01
  1.4416052e-01   3.7682563e-01
  1.5388090e-01   3.3038352e-01
  1.6410125e-01   2.9197699e-01
  1.7389451e-01   2.6484812e-01
  1.8411185e-01   2.3900188e-01
  1.9420269e-01   2.1874276e-01
  2.0387838e-01   2.0066594e-01
  2.1426445e-01   1.8788404e-01
  2.2421832e-01   1.7435691e-01
  2.3386484e-01   1.6666486e-01
  2.4365149e-01   1.5650456e-01
  2.5390777e-01   1.4710468e-01
  2.6447845e-01   1.3874342e-01
  2.7438473e-01   1.3424048e-01
  2.8406375e-01   1.2971662e-01
  2.9398167e-01   1.2349431e-01
  3.0393219e-01   1.1938247e-01
  3.1422076e-01   1.1685614e-01
  3.2428917e-01   1.1270259e-01
  3.3446410e-01   1.0974481e-01
  3.4456997e-01   1.0853713e-01
  3.5429510e-01   1.0646951e-01
  3.6412164e-01   1.0397580e-01
  3.7398411e-01   1.0413735e-01
  3.8443008e-01   1.0266026e-01
  3.9457947e-01   1.0237085e-01
  4.0408038e-01   1.0266067e-01
  4.1404548e-01   1.0256932e-01
  4.2418608e-01   1.0313927e-01
  4.3445029e-01   1.0225979e-01
  4.4458407e-01   1.0467422e-01
  4.5433794e-01   1.0581314e-01
  4.6417242e-01   1.0743664e-01
  4.7412647e-01   1.0977107e-01
  4.8419259e-01   1.1038435e-01
  4.9417771e-01   1.1379599e-01
  5.0459614e-01   1.1218633e-01
  5.1500546e-01   1.0584888e-01
  5.2466725e-01   1.0676998e-01
  5.3450280e-01   1.0310069e-01
  5.4442274e-01   1.0533269e-01
  5.5468065e-01   1.0491747e-01
  5.6500035e-01   1.0864464e-01
  5.7472267e-01   1.0691378e-01
  5.8450014e-01   1.0936053e-01
  5.9443642e-01   1.1204283e-01
  6.0471646e-01   1.1377608e-01
  6.1475321e-01   1.1891920e-01
  6.2477433e-01   1.2160757e-01
  6.3495837e-01   1.2568262e-01
  6.4411762e-01   1.3348414e-01
  6.5458975e-01   1.3720009e-01
  6.6515647e-01   1.4157866e-01
  6.7517831e-01   1.4816484e-01
  6.8602720e-01   1.5192920e-01
  6.9303679e-01   1.6049864e-01
  7.0147850e-01   1.6927970e-01
