  0.0000000e+00   3.9888213e+04
  1.2071068e-02   7.3960274e+03
  2.3251408e-02   1.9571287e+03
  3.3071316e-02   9.2613054e+02
  4.2388540e-02   5.5971979e+02
  5.3287127e-02   3.4276167e+02
  6.3374769e-02   2.3927635e+02
  7.3373062e-02   1.7758299e+02
  8.3862812e-02   1.3162257e+02
  9.3876991e-02   1.0530729e+02
  1.0376586e-01   8.4449739e+01
  1.1341626e-01   6.9652363e+01
  1.2325692e-01   5.8084244e+01
  1.3388280e-01   4.7338412e+01
  1.4416052e-01   3.9997587e+01
  1.5388090e-01   3.5050315e+01
  1.6410125e-01   2.9132617e+01
  1.7389451e-01   2.5104863e+01
  1.8411185e-01   2.1974190e+01
  1.9420269e-01   1.8961408e+01
  2.0387838e-01   1.6523324e+01
  2.1426445e-01   1.4448730e+01
  2.2421832e-01   1.2666825e+01
  2.3386484e-01   1.1235759e+01
  2.4365149e-01   9.8674958e+00
  2.5390777e-01   8.7007278e+00
  2.6447845e-01   7.6267018e+00
  2.7438473e-01   6.7262686e+00
  2.8406375e-01   6.0064694e+00
  2.9398167e-01   5.2467310e+00
  3.0393219e-01   4.7171854e+00
  3.1422076e-01   4.1898504e+00
  3.2428917e-01   3.7140235e+00
  3.3446410e-01   3.2700163e+00
  3.4456997e-01   2.8795352e+00
  3.5429510e-01   2.5864266e+00
  3.6412164e-01   2.2953597e+00
  3.7398411e-01   2.0305284e+00
  3.8443008e-01   1.7968921e+00
  3.9457947e-01   1.5934927e+00
  4.0408038e-01   1.4194000e+00
  4.1404548e-01   1.2571677e+00
  4.2418608e-01   1.1216531e+00
  4.3445029e-01   9.8993872e-01
  4.4458407e-01   8.9341477e-01
  4.5433794e-01   7.9419853e-01
  4.6417242e-01   7.2495020e-01
  4.7412647e-01   6.5601160e-01
  4.8419259e-01   6.0857147e-01
  4.9417771e-01   5.8770130e-01
  5.0459614e-01   4.4623400e-01
  5.1500546e-01   4.0193029e-01
  5.2466725e-01   3.6063450e-01
  5.3450280e-01   3.0572753e-01
  5.4442274e-01   2.7753397e-01
  5.5468065e-01   2.4135712e-01
  5.6500035e-01   2.1465316e-01
  5.7472267e-01   1.8848453e-01
  5.8450014e-01   1.6110458e-01
  5.9443642e-01   1.4833111e-01
  6.0471646e-01   1.3127662e-01
  6.1475321e-01   1.1249280e-01
  6.2477433e-01   9.9880062e-02
  6.3495837e-01   9.6008328e-02
  6.4411762e-01   7.8217791e-02
  6.5458975e-01   7.4276891e-02
  6.6515647e-01   7.1012282e-02
  6.7517831e-01   6.4925606e-02
  6.8602720e-01   5.9438699e-02
  6.9303679e-01   4.8551915e-02
  7.0147850e-01   1.9170585e-02
