  0.0000000e+00   3.1726575e+06
  1.2071068e-02   6.2276247e+02
  2.3251408e-02   1.1188262e+02
  3.3071316e-02   7.4938929e+01
  4.2388540e-02   6.1249669e+01
  5.3287127e-02   3.7794038e+01
  6.3374769e-02   3.9815210e+01
  7.3373062e-02   3.0883652e+01
  8.3862812e-02   2.5779329e+01
  9.3876991e-02   2.5378944e+01
  1.0376586e-01   2.0961549e+01
  1.1341626e-01   2.2931580e+01
  1.2325692e-01   1.7731685e+01
  1.3388280e-01   1.5736644e+01
  1.4416052e-01   1.6082401e+01
  1.5388090e-01   1.4595223e+01
  1.6410125e-01   1.3481123e+01
  1.7389451e-01   1.3256234e+01
  1.8411185e-01   1.2010613e+01
  1.9420269e-01   1.2093216e+01
  2.0387838e-01   1.2126402e+01
  2.1426445e-01   9.8596285e+00
  2.2421832e-01   1.0629803e+01
  2.3386484e-01   1.0502062e+01
  2.4365149e-01   9.4181657e+00
  2.5390777e-01   8.8454266e+00
  2.6447845e-01   8.3600645e+00
  2.7438473e-01   9.0673599e+00
  2.8406375e-01   8.6920506e+00
  2.9398167e-01   7.6438433e+00
  3.0393219e-01   7.9942963e+00
  3.1422076e-01   7.4061690e+00
  3.2428917e-01   7.4413077e+00
  3.3446410e-01   7.0485451e+00
  3.4456997e-01   7.0411883e+00
  3.5429510e-01   7.5602207e+00
  3.6412164e-01   6.9683659e+00
  3.7398411e-01   6.9344953e+00
  3.8443008e-01   6.0452346e+00
  3.9457947e-01   6.9722678e+00
  4.0408038e-01   7.2031354e+00
  4.1404548e-01   6.5913539e+00
  4.2418608e-01   6.7200821e+00
  4.3445029e-01   6.2537037e+00
  4.4458407e-01   7.2698009e+00
  4.5433794e-01   7.3308349e+00
  4.6417242e-01   7.1190026e+00
  4.7412647e-01   7.6738857e+00
  4.8419259e-01   7.9625237e+00
  4.9417771e-01   8.4554274e+00
  5.0459614e-01   1.2239698e+00
  5.1500546e-01   6.6250708e-02
  5.2466725e-01   6.2682176e-02
  5.3450280e-01   5.8108101e-02
  5.4442274e-01   5.9938834e-02
  5.5468065e-01   5.8323193e-02
  5.6500035e-01   5.9953764e-02
  5.7472267e-01   5.9495363e-02
  5.8450014e-01   6.0203635e-02
  5.9443642e-01   6.1681052e-02
  6.0471646e-01   6.5359372e-02
  6.1475321e-01   6.5249711e-02
  6.2477433e-01   6.8006552e-02
  6.3495837e-01   7.4201824e-02
  6.4411762e-01   7.0243186e-02
  6.5458975e-01   7.9248048e-02
  6.6515647e-01   8.4182458e-02
  6.7517831e-01   8.5884799e-02
  6.8602720e-01   8.7121622e-02
  6.9303679e-01   7.8114106e-02
  7.0147850e-01   2.8538916e-02
