  0.0000000e+00   1.3372364e+05
  1.2071068e-02   6.2068298e+02
  2.3251408e-02   6.0465158e+01
  3.3071316e-02   1.5944689e+01
  4.2388540e-02   6.6859046e+00
  5.3287127e-02   3.2738166e+00
  6.3374769e-02   1.6620253e+00
  7.3373062e-02   1.0593427e+00
  8.3862812e-02   6.7447508e-01
  9.3876991e-02   4.6513225e-01
  1.0376586e-01   3.5407943e-01
  1.1341626e-01   2.7207531e-01
  1.2325692e-01   2.3203461e-01
  1.3388280e-01   2.0404638e-01
  1.4416052e-01   1.6919428e-01
  1.5388090e-01   1.5611717e-01
  1.6410125e-01   1.4774921e-01
  1.7389451e-01   1.3194133e-01
  1.8411185e-01   1.2817931e-01
  1.9420269e-01   1.1574284e-01
  2.0387838e-01   1.1139750e-01
  2.1426445e-01   1.0863913e-01
  2.2421832e-01   1.0319702e-01
  2.3386484e-01   1.0013265e-01
  2.4365149e-01   9.4473985e-02
  2.5390777e-01   9.6416387e-02
  2.6447845e-01   9.0724969e-02
  2.7438473e-01   9.0052552e-02
  2.8406375e-01   8.7671992e-02
  2.9398167e-01   8.3495634e-02
  3.0393219e-01   8.3417874e-02
  3.1422076e-01   8.0900577e-02
  3.2428917e-01   8.5265710e-02
  3.3446410e-01   7.8314466e-02
  3.4456997e-01   7.8368193e-02
  3.5429510e-01   8.0457574e-02
  3.6412164e-01   7.6933105e-02
  3.7398411e-01   8.0010164e-02
  3.8443008e-01   7.5708599e-02
  3.9457947e-01   7.9364402e-02
  4.0408038e-01   8.2294475e-02
  4.1404548e-01   8.2352203e-02
  4.2418608e-01   8.2207760e-02
  4.3445029e-01   8.1029659e-02
  4.4458407e-01   8.6523421e-02
  4.5433794e-01   8.9623737e-02
  4.6417242e-01   8.9797806e-02
  4.7412647e-01   9.4638745e-02
  4.8419259e-01   9.6324897e-02
  4.9417771e-01   1.0360224e-01
  5.0459614e-01   6.5270253e-02
  5.1500546e-01   5.3578602e-02
  5.2466725e-01   5.2472475e-02
  5.3450280e-01   4.9867677e-02
  5.4442274e-01   5.2371067e-02
  5.5468065e-01   5.1836350e-02
  5.6500035e-01   5.3676589e-02
  5.7472267e-01   5.3839919e-02
  5.8450014e-01   5.5112191e-02
  5.9443642e-01   5.6915203e-02
  6.0471646e-01   6.0816738e-02
  6.1475321e-01   6.0927942e-02
  6.2477433e-01   6.4459828e-02
  6.3495837e-01   7.0659856e-02
  6.4411762e-01   6.7398338e-02
  6.5458975e-01   7.5729151e-02
  6.6515647e-01   8.0682055e-02
  6.7517831e-01   8.1595829e-02
  6.8602720e-01   8.2290307e-02
  6.9303679e-01   7.3728842e-02
  7.0147850e-01   2.6723253e-02
