  0.0000000e+00   3.9879361e-12
  1.2071068e-02   2.4561587e-05
  2.3251408e-02   5.8976448e-04
  3.3071316e-02   3.5582325e-03
  4.2388540e-02   1.3137069e-02
  5.3287127e-02   3.5234434e-02
  6.3374769e-02   8.7656031e-02
  7.3373062e-02   1.6320742e-01
  8.3862812e-02   2.9692226e-01
  9.3876991e-02   4.8932536e-01
  1.0376586e-01   7.0181782e-01
  1.1341626e-01   9.9877376e-01
  1.2325692e-01   1.2579257e+00
  1.3388280e-01   1.5705340e+00
  1.4416052e-01   1.8765504e+00
  1.5388090e-01   2.1781578e+00
  1.6410125e-01   2.3426111e+00
  1.7389451e-01   2.5129758e+00
  1.8411185e-01   2.6374643e+00
  1.9420269e-01   2.7440695e+00
  2.0387838e-01   2.7353929e+00
  2.1426445e-01   2.7519523e+00
  2.2421832e-01   2.7057210e+00
  2.3386484e-01   2.6063491e+00
  2.4365149e-01   2.5862241e+00
  2.5390777e-01   2.3989421e+00
  2.6447845e-01   2.3361481e+00
  2.7438473e-01   2.1581329e+00
  2.8406375e-01   2.0112133e+00
  2.9398167e-01   1.9573516e+00
  3.0393219e-01   1.8029332e+00
  3.1422076e-01   1.7084501e+00
  3.2428917e-01   1.5028884e+00
  3.3446410e-01   1.4535128e+00
  3.4456997e-01   1.2997929e+00
  3.5429510e-01   1.1772284e+00
  3.6412164e-01   1.1254803e+00
  3.7398411e-01   9.7707000e-01
  3.8443008e-01   9.3703522e-01
  3.9457947e-01   8.2076014e-01
  4.0408038e-01   7.3517681e-01
  4.1404548e-01   6.8648408e-01
  4.2418608e-01   6.1380385e-01
  4.3445029e-01   5.6375758e-01
  4.4458407e-01   5.0242543e-01
  4.5433794e-01   4.4910243e-01
  4.6417242e-01   4.2371920e-01
  4.7412647e-01   3.7593479e-01
  4.8419259e-01   3.5710563e-01
  4.9417771e-01   3.2868638e-01
  5.0459614e-01   3.0350709e-01
  5.1500546e-01   3.1626800e-01
  5.2466725e-01   2.9680735e-01
  5.3450280e-01   2.6633373e-01
  5.4442274e-01   2.4580273e-01
  5.5468065e-01   2.1770350e-01
  5.6500035e-01   1.9682905e-01
  5.7472267e-01   1.7491468e-01
  5.8450014e-01   1.5137893e-01
  5.9443642e-01   1.3993081e-01
  6.0471646e-01   1.2491734e-01
  6.1475321e-01   1.0748112e-01
  6.2477433e-01   9.5581813e-02
  6.3495837e-01   9.1995933e-02
  6.4411762e-01   7.4854157e-02
  6.5458975e-01   7.0934146e-02
  6.6515647e-01   6.7648632e-02
  6.7517831e-01   6.1652261e-02
  6.8602720e-01   5.6318638e-02
  6.9303679e-01   4.5913156e-02
  7.0147850e-01   1.8165500e-02
