  0.0000000e+00   3.1729468e+06
  1.2071068e-02   4.8347523e+02
  2.3251408e-02   5.5146719e+01
  3.3071316e-02   1.6056383e+01
  4.2388540e-02   7.1345682e+00
  5.3287127e-02   3.6762175e+00
  6.3374769e-02   2.0746344e+00
  7.3373062e-02   1.3437301e+00
  8.3862812e-02   9.2485821e-01
  9.3876991e-02   6.7902770e-01
  1.0376586e-01   5.3134904e-01
  1.1341626e-01   4.2580436e-01
  1.2325692e-01   3.4830589e-01
  1.3388280e-01   3.0033184e-01
  1.4416052e-01   2.5082099e-01
  1.5388090e-01   2.2183231e-01
  1.6410125e-01   1.9910474e-01
  1.7389451e-01   1.8179296e-01
  1.8411185e-01   1.7085757e-01
  1.9420269e-01   1.5873050e-01
  2.0387838e-01   1.5703349e-01
  2.1426445e-01   1.5644712e-01
  2.2421832e-01   1.7247764e-01
  2.3386484e-01   2.2293234e-01
  2.4365149e-01   3.9967868e-01
  2.5390777e-01   5.7675052e-01
  2.6447845e-01   7.3512600e-01
  2.7438473e-01   6.0181461e-01
  2.8406375e-01   5.5427092e-01
  2.9398167e-01   5.5531555e-01
  3.0393219e-01   5.6135603e-01
  3.1422076e-01   3.7676787e-01
  3.2428917e-01   6.0389211e-01
  3.3446410e-01   6.3809747e-01
  3.4456997e-01   4.2093506e-01
  3.5429510e-01   4.4310522e-01
  3.6412164e-01   7.6206567e-01
  3.7398411e-01   4.9673313e-01
  3.8443008e-01   4.6586193e-01
  3.9457947e-01   9.2083615e-01
  4.0408038e-01   5.6519484e-01
  4.1404548e-01   4.9107690e-01
  4.2418608e-01   4.8978040e-01
  4.3445029e-01   7.3060286e-01
  4.4458407e-01   4.7084755e-01
  4.5433794e-01   4.5948868e-01
  4.6417242e-01   4.3647810e-01
  4.7412647e-01   4.4186516e-01
  4.8419259e-01   6.4011932e-01
  4.9417771e-01   4.3912389e-01
  5.0459614e-01   4.2830338e-01
  5.1500546e-01   5.5105747e-01
  5.2466725e-01   5.9679197e-01
  5.3450280e-01   5.9385277e-01
  5.4442274e-01   7.5032902e-01
  5.5468065e-01   9.1527493e-01
  5.6500035e-01   1.3422014e-01
  5.7472267e-01   1.0550318e-01
  5.8450014e-01   1.0397425e-01
  5.9443642e-01   1.0575934e-01
  6.0471646e-01   1.0936210e-01
  6.1475321e-01   1.1480485e-01
  6.2477433e-01   1.1902541e-01
  6.3495837e-01   1.2443630e-01
  6.4411762e-01   1.3304687e-01
  6.5458975e-01   1.3825015e-01
  6.6515647e-01   1.4275644e-01
  6.7517831e-01   1.5102100e-01
  6.8602720e-01   1.5495245e-01
  6.9303679e-01   1.6332822e-01
  7.0147850e-01   1.7092492e-01
