  0.0000000e+00   9.3437988e+05
  1.2071068e-02   6.4312371e+05
  2.3251408e-02   4.7742452e+05
  3.3071316e-02   6.1627561e+05
  4.2388540e-02   6.1773850e+04
  5.3287127e-02   2.1744050e+05
  6.3374769e-02   1.0812874e+05
  7.3373062e-02   1.0152085e+05
  8.3862812e-02   1.1390544e+05
  9.3876991e-02   6.5164376e+04
  1.0376586e-01   6.8656267e+04
  1.1341626e-01   8.0196741e+04
  1.2325692e-01   9.2761516e+04
  1.3388280e-01   8.1390068e+04
  1.4416052e-01   5.4691978e+04
  1.5388090e-01   7.2520940e+04
  1.6410125e-01   7.4907904e+04
  1.7389451e-01   3.6390854e+04
  1.8411185e-01   5.1110980e+04
  1.9420269e-01   3.2812650e+04
  2.0387838e-01   6.8365217e+04
  2.1426445e-01   2.5056077e+04
  2.2421832e-01   2.8999764e+04
  2.3386484e-01   5.0473225e+04
  2.4365149e-01   1.9365614e+04
  2.5390777e-01   4.8313126e+04
  2.6447845e-01   3.1104385e+04
  2.7438473e-01   5.1296623e+04
  2.8406375e-01   9.1795885e+04
  2.9398167e-01   9.0302750e+02
  3.0393219e-01   4.4896778e+04
  3.1422076e-01   3.7410187e+04
  3.2428917e-01   5.8319489e+04
  3.3446410e-01   3.5501585e+04
  3.4456997e-01   4.2213598e+03
  3.5429510e-01   3.3976845e+04
  3.6412164e-01   2.1351169e+04
  3.7398411e-01   1.1199989e+04
  3.8443008e-01   8.6054363e+03
  3.9457947e-01   1.0432451e+04
  4.0408038e-01   4.8790046e+03
  4.1404548e-01   6.0616995e+03
  4.2418608e-01   1.0561222e+04
  4.3445029e-01   6.2439588e+03
  4.4458407e-01   1.0624118e+04
  4.5433794e-01   1.0682178e+04
  4.6417242e-01   4.2563731e+03
  4.7412647e-01   4.6773948e+03
  4.8419259e-01   4.3252209e+03
  4.9417771e-01   9.5386610e+03
  5.0459614e-01   8.3931982e+02
  5.1500546e-01   1.7718428e+01
  5.2466725e-01   1.5908857e+01
  5.3450280e-01   1.1140465e+01
  5.4442274e-01   1.1173118e+01
  5.5468065e-01   1.0366179e+01
  5.6500035e-01   9.7171916e+00
  5.7472267e-01   8.5553830e+00
  5.8450014e-01   7.4490543e+00
  5.9443642e-01   7.1465634e+00
  6.0471646e-01   6.6540790e+00
  6.1475321e-01   5.9028248e+00
  6.2477433e-01   5.2755901e+00
  6.3495837e-01   5.7159006e+00
  6.4411762e-01   4.0913581e+00
  6.5458975e-01   5.1934150e+00
  6.6515647e-01   4.1199871e+00
  6.7517831e-01   5.6453238e+00
  6.8602720e-01   3.4042377e+00
  6.9303679e-01   2.8466250e+00
  7.0147850e-01   9.0199002e-01
