  0.0000000e+00   3.9841008e+04
  1.2071068e-02   7.3950403e+03
  2.3251408e-02   1.9567039e+03
  3.3071316e-02   9.2586390e+02
  4.2388540e-02   5.5950418e+02
  5.3287127e-02   3.4262540e+02
  6.3374769e-02   2.3911145e+02
  7.3373062e-02   1.7745732e+02
  8.3862812e-02   1.3152073e+02
  9.3876991e-02   1.0521999e+02
  1.0376586e-01   8.4390583e+01
  1.1341626e-01   6.9587573e+01
  1.2325692e-01   5.8031664e+01
  1.3388280e-01   4.7291256e+01
  1.4416052e-01   3.9951825e+01
  1.5388090e-01   3.5000733e+01
  1.6410125e-01   2.9101294e+01
  1.7389451e-01   2.5076372e+01
  1.8411185e-01   2.1949754e+01
  1.9420269e-01   1.8937063e+01
  2.0387838e-01   1.6503187e+01
  2.1426445e-01   1.4429070e+01
  2.2421832e-01   1.2648139e+01
  2.3386484e-01   1.1219321e+01
  2.4365149e-01   9.8535421e+00
  2.5390777e-01   8.6912963e+00
  2.6447845e-01   7.6197096e+00
  2.7438473e-01   6.7214007e+00
  2.8406375e-01   5.9918897e+00
  2.9398167e-01   5.2519881e+00
  3.0393219e-01   4.7135493e+00
  3.1422076e-01   4.1881678e+00
  3.2428917e-01   3.7127989e+00
  3.3446410e-01   3.2715608e+00
  3.4456997e-01   2.8829600e+00
  3.5429510e-01   2.5907961e+00
  3.6412164e-01   2.3017731e+00
  3.7398411e-01   2.0387375e+00
  3.8443008e-01   1.8053094e+00
  3.9457947e-01   1.6055068e+00
  4.0408038e-01   1.4328525e+00
  4.1404548e-01   1.2726069e+00
  4.2418608e-01   1.1413343e+00
  4.3445029e-01   1.0101693e+00
  4.4458407e-01   9.1900528e-01
  4.5433794e-01   8.2015491e-01
  4.6417242e-01   7.5099003e-01
  4.7412647e-01   6.8410906e-01
  4.8419259e-01   6.3268350e-01
  4.9417771e-01   6.0563544e-01
  5.0459614e-01   5.4817140e-01
  5.1500546e-01   4.5499391e-01
  5.2466725e-01   4.0733099e-01
  5.3450280e-01   3.4306914e-01
  5.4442274e-01   3.0991361e-01
  5.5468065e-01   2.7385352e-01
  5.6500035e-01   2.4236812e-01
  5.7472267e-01   2.1522773e-01
  5.8450014e-01   1.8450957e-01
  5.9443642e-01   1.7280540e-01
  6.0471646e-01   1.4699127e-01
  6.1475321e-01   1.3728580e-01
  6.2477433e-01   1.2019452e-01
  6.3495837e-01   1.1040956e-01
  6.4411762e-01   1.0437915e-01
  6.5458975e-01   9.1522363e-02
  6.6515647e-01   9.0307160e-02
  6.7517831e-01   8.5466249e-02
  6.8602720e-01   8.2768478e-02
  6.9303679e-01   8.5164977e-02
  7.0147850e-01   8.5774574e-02
