  0.0000000e+00   3.1729429e+06
  1.2071068e-02   6.2636577e+02
  2.3251408e-02   1.3597358e+02
  3.3071316e-02   9.6186146e+01
  4.2388540e-02   7.9481377e+01
  5.3287127e-02   4.8903675e+01
  6.3374769e-02   5.1954554e+01
  7.3373062e-02   4.0311621e+01
  8.3862812e-02   3.3765084e+01
  9.3876991e-02   3.3259849e+01
  1.0376586e-01   2.7581462e+01
  1.1341626e-01   3.0191683e+01
  1.2325692e-01   2.3461549e+01
  1.3388280e-01   2.0696623e+01
  1.4416052e-01   2.1336563e+01
  1.5388090e-01   1.9479031e+01
  1.6410125e-01   1.7970004e+01
  1.7389451e-01   1.7785764e+01
  1.8411185e-01   1.6092991e+01
  1.9420269e-01   1.6409304e+01
  2.0387838e-01   1.6563243e+01
  2.1426445e-01   1.3388390e+01
  2.2421832e-01   1.4618787e+01
  2.3386484e-01   1.4546706e+01
  2.4365149e-01   1.3294721e+01
  2.5390777e-01   1.2446827e+01
  2.6447845e-01   1.1835176e+01
  2.7438473e-01   1.3004857e+01
  2.8406375e-01   1.3173240e+01
  2.9398167e-01   1.0577957e+01
  3.0393219e-01   1.1691817e+01
  3.1422076e-01   1.1157504e+01
  3.2428917e-01   1.1205871e+01
  3.3446410e-01   1.0954030e+01
  3.4456997e-01   1.0969395e+01
  3.5429510e-01   1.2104536e+01
  3.6412164e-01   1.1337000e+01
  3.7398411e-01   1.1554261e+01
  3.8443008e-01   1.0172765e+01
  3.9457947e-01   1.1890602e+01
  4.0408038e-01   1.2575816e+01
  4.1404548e-01   1.1641877e+01
  4.2418608e-01   1.2007261e+01
  4.3445029e-01   1.1501790e+01
  4.4458407e-01   1.3459343e+01
  4.5433794e-01   1.3742857e+01
  4.6417242e-01   1.3498124e+01
  4.7412647e-01   1.4665868e+01
  4.8419259e-01   1.5048233e+01
  4.9417771e-01   1.6355441e+01
  5.0459614e-01   2.3914943e+00
  5.1500546e-01   9.0447611e-02
  5.2466725e-01   8.2847010e-02
  5.3450280e-01   7.3113436e-02
  5.4442274e-01   7.4053915e-02
  5.5468065e-01   7.0714898e-02
  5.6500035e-01   7.1580564e-02
  5.7472267e-01   7.0111201e-02
  5.8450014e-01   6.9113257e-02
  5.9443642e-01   7.0592963e-02
  6.0471646e-01   7.3550632e-02
  6.1475321e-01   7.2959689e-02
  6.2477433e-01   7.5475246e-02
  6.3495837e-01   8.2320515e-02
  6.4411762e-01   7.7876813e-02
  6.5458975e-01   8.7572551e-02
  6.6515647e-01   9.2180402e-02
  6.7517831e-01   9.4621287e-02
  6.8602720e-01   9.5173283e-02
  6.9303679e-01   8.6529386e-02
  7.0147850e-01   3.2046474e-02
