  0.0000000e+00   3.9888371e+04
  1.2071068e-02   7.3939316e+03
  2.3251408e-02   1.9560227e+03
  3.3071316e-02   9.2532745e+02
  4.2388540e-02   5.5905688e+02
  5.3287127e-02   3.4235530e+02
  6.3374769e-02   2.3882574e+02
  7.3373062e-02   1.7723986e+02
  8.3862812e-02   1.3133916e+02
  9.3876991e-02   1.0503927e+02
  1.0376586e-01   8.4247816e+01
  1.1341626e-01   6.9446245e+01
  1.2325692e-01   5.7915107e+01
  1.3388280e-01   4.7196362e+01
  1.4416052e-01   3.9862326e+01
  1.5388090e-01   3.4914363e+01
  1.6410125e-01   2.9030699e+01
  1.7389451e-01   2.5011111e+01
  1.8411185e-01   2.1895464e+01
  1.9420269e-01   1.8885458e+01
  2.0387838e-01   1.6459537e+01
  2.1426445e-01   1.4393835e+01
  2.2421832e-01   1.2612139e+01
  2.3386484e-01   1.1184895e+01
  2.4365149e-01   9.8256281e+00
  2.5390777e-01   8.6674645e+00
  2.6447845e-01   7.6002693e+00
  2.7438473e-01   6.7015597e+00
  2.8406375e-01   5.9626158e+00
  2.9398167e-01   5.2486747e+00
  3.0393219e-01   4.7002468e+00
  3.1422076e-01   4.1771251e+00
  3.2428917e-01   3.7024814e+00
  3.3446410e-01   3.2632460e+00
  3.4456997e-01   2.8758098e+00
  3.5429510e-01   2.5835872e+00
  3.6412164e-01   2.2959648e+00
  3.7398411e-01   2.0333685e+00
  3.8443008e-01   1.8012381e+00
  3.9457947e-01   1.6014999e+00
  4.0408038e-01   1.4291301e+00
  4.1404548e-01   1.2697357e+00
  4.2418608e-01   1.1387085e+00
  4.3445029e-01   1.0080211e+00
  4.4458407e-01   9.1695365e-01
  4.5433794e-01   8.1830571e-01
  4.6417242e-01   7.4926382e-01
  4.7412647e-01   6.8259752e-01
  4.8419259e-01   6.3136242e-01
  4.9417771e-01   6.0421619e-01
  5.0459614e-01   5.4744238e-01
  5.1500546e-01   4.5499291e-01
  5.2466725e-01   4.0733272e-01
  5.3450280e-01   3.4307129e-01
  5.4442274e-01   3.0991701e-01
  5.5468065e-01   2.7385535e-01
  5.6500035e-01   2.4237002e-01
  5.7472267e-01   2.1522897e-01
  5.8450014e-01   1.8451235e-01
  5.9443642e-01   1.7280717e-01
  6.0471646e-01   1.4699409e-01
  6.1475321e-01   1.3728569e-01
  6.2477433e-01   1.2019614e-01
  6.3495837e-01   1.1041192e-01
  6.4411762e-01   1.0438113e-01
  6.5458975e-01   9.1523509e-02
  6.6515647e-01   9.0308310e-02
  6.7517831e-01   8.5467778e-02
  6.8602720e-01   8.2769825e-02
  6.9303679e-01   8.5166265e-02
  7.0147850e-01   8.5775570e-02
