  0.0000000e+00   3.1722137e-10
  1.2071068e-02   9.1793112e-06
  2.3251408e-02   4.4245854e-05
  3.3071316e-02   1.1533348e-04
  4.2388540e-02   2.4410710e-04
  5.3287127e-02   4.5917716e-04
  6.3374769e-02   7.9524998e-04
  7.3373062e-02   1.2041939e-03
  8.3862812e-02   1.8409889e-03
  9.3876991e-02   2.5680880e-03
  1.0376586e-01   3.3796214e-03
  1.1341626e-01   4.3338379e-03
  1.2325692e-01   5.4043641e-03
  1.3388280e-01   6.7926667e-03
  1.4416052e-01   7.8806905e-03
  1.5388090e-01   9.0624524e-03
  1.6410125e-01   1.0398925e-02
  1.7389451e-01   1.1656323e-02
  1.8411185e-01   1.2735870e-02
  1.9420269e-01   1.4149340e-02
  2.0387838e-01   1.5140297e-02
  2.1426445e-01   1.6624156e-02
  2.2421832e-01   1.7660802e-02
  2.3386484e-01   1.8743024e-02
  2.4365149e-01   1.9895983e-02
  2.5390777e-01   2.0720428e-02
  2.6447845e-01   2.2401377e-02
  2.7438473e-01   2.3246474e-02
  2.8406375e-01   2.3825950e-02
  2.9398167e-01   2.5811840e-02
  3.0393219e-01   2.6255773e-02
  3.1422076e-01   2.7730081e-02
  3.2428917e-01   2.7921644e-02
  3.3446410e-01   2.9902466e-02
  3.4456997e-01   3.0832891e-02
  3.5429510e-01   3.1553086e-02
  3.6412164e-01   3.3486197e-02
  3.7398411e-01   3.3991354e-02
  3.8443008e-01   3.6426433e-02
  3.9457947e-01   3.7239510e-02
  4.0408038e-01   3.8321182e-02
  4.1404548e-01   4.0054850e-02
  4.2418608e-01   4.1527238e-02
  4.3445029e-01   4.3216283e-02
  4.4458407e-01   4.4928231e-02
  4.5433794e-01   4.6427938e-02
  4.6417242e-01   4.9045638e-02
  4.7412647e-01   5.0186039e-02
  4.8419259e-01   5.2814287e-02
  4.9417771e-01   5.4502343e-02
  5.0459614e-01   5.9299544e-02
  5.1500546e-01   6.7164466e-02
  5.2466725e-01   7.1376423e-02
  5.3450280e-01   7.5242733e-02
  5.4442274e-01   7.9584359e-02
  5.5468065e-01   8.2434126e-02
  5.6500035e-01   8.7965796e-02
  5.7472267e-01   8.9560336e-02
  5.8450014e-01   9.4430101e-02
  5.9443642e-01   9.7503329e-02
  6.0471646e-01   1.0228031e-01
  6.1475321e-01   1.0780021e-01
  6.2477433e-01   1.1176198e-01
  6.3495837e-01   1.1746793e-01
  6.4411762e-01   1.2578182e-01
  6.5458975e-01   1.3044575e-01
  6.6515647e-01   1.3614451e-01
  6.7517831e-01   1.4331735e-01
  6.8602720e-01   1.4757046e-01
  6.9303679e-01   1.5571738e-01
  7.0147850e-01   1.6464579e-01
