  0.0000000e+00   2.1938752e-04
  1.2071068e-02   2.8028509e+02
  2.3251408e-02   3.0519802e+02
  3.3071316e-02   2.7068827e+02
  4.2388540e-02   2.2521965e+02
  5.3287127e-02   1.6582700e+02
  6.3374769e-02   1.3767008e+02
  7.3373062e-02   1.1048918e+02
  8.3862812e-02   8.9202006e+01
  9.3876991e-02   7.5501326e+01
  1.0376586e-01   6.2878643e+01
  1.1341626e-01   5.4082163e+01
  1.2325692e-01   4.5973236e+01
  1.3388280e-01   3.8557303e+01
  1.4416052e-01   3.3199005e+01
  1.5388090e-01   2.9554959e+01
  1.6410125e-01   2.4923521e+01
  1.7389451e-01   2.1730631e+01
  1.8411185e-01   1.9241606e+01
  1.9420269e-01   1.6734208e+01
  2.0387838e-01   1.4703060e+01
  2.1426445e-01   1.2931817e+01
  2.2421832e-01   1.1421197e+01
  2.3386484e-01   1.0192025e+01
  2.4365149e-01   8.9870182e+00
  2.5390777e-01   7.9631635e+00
  2.6447845e-01   7.0072041e+00
  2.7438473e-01   6.2136896e+00
  2.8406375e-01   5.5731493e+00
  2.9398167e-01   4.8675649e+00
  3.0393219e-01   4.3945554e+00
  3.1422076e-01   3.9142636e+00
  3.2428917e-01   3.4822518e+00
  3.3446410e-01   3.0734163e+00
  3.4456997e-01   2.7150440e+00
  3.5429510e-01   2.4468410e+00
  3.6412164e-01   2.1785676e+00
  3.7398411e-01   1.9317217e+00
  3.8443008e-01   1.7133533e+00
  3.9457947e-01   1.5280213e+00
  4.0408038e-01   1.3657480e+00
  4.1404548e-01   1.2151608e+00
  4.2418608e-01   1.0915760e+00
  4.3445029e-01   9.6794928e-01
  4.4458407e-01   8.8176998e-01
  4.5433794e-01   7.8897490e-01
  4.6417242e-01   7.2329855e-01
  4.7412647e-01   6.5989600e-01
  4.8419259e-01   6.1134067e-01
  4.9417771e-01   5.8571202e-01
  5.0459614e-01   5.2915003e-01
  5.1500546e-01   4.3898372e-01
  5.2466725e-01   3.9405392e-01
  5.3450280e-01   3.3333266e-01
  5.4442274e-01   3.0184627e-01
  5.5468065e-01   2.6728016e-01
  5.6500035e-01   2.3709967e-01
  5.7472267e-01   2.1095109e-01
  5.8450014e-01   1.8115641e-01
  5.9443642e-01   1.6985135e-01
  6.0471646e-01   1.4480731e-01
  6.1475321e-01   1.3540894e-01
  6.2477433e-01   1.1869800e-01
  6.3495837e-01   1.0922384e-01
  6.4411762e-01   1.0342132e-01
  6.5458975e-01   9.0800678e-02
  6.6515647e-01   8.9717855e-02
  6.7517831e-01   8.4972933e-02
  6.8602720e-01   8.2420585e-02
  6.9303679e-01   8.4755649e-02
  7.0147850e-01   8.5472988e-02
