  0.0000000e+00   4.3413885e+04
  1.2071068e-02   8.5942393e+03
  2.3251408e-02   1.9630797e+03
  3.3071316e-02   9.1684124e+02
  4.2388540e-02   6.5062263e+02
  5.3287127e-02   3.4569865e+02
  6.3374769e-02   2.2910436e+02
  7.3373062e-02   1.8308655e+02
  8.3862812e-02   1.2460769e+02
  9.3876991e-02   9.9249425e+01
  1.0376586e-01   8.5265701e+01
  1.1341626e-01   7.1323833e+01
  1.2325692e-01   5.3438981e+01
  1.3388280e-01   4.9201907e+01
  1.4416052e-01   4.1910330e+01
  1.5388090e-01   3.3330689e+01
  1.6410125e-01   2.9538677e+01
  1.7389451e-01   2.5288097e+01
  1.8411185e-01   2.1538174e+01
  1.9420269e-01   1.9786121e+01
  2.0387838e-01   1.6397058e+01
  2.1426445e-01   1.4472566e+01
  2.2421832e-01   1.2163576e+01
  2.3386484e-01   1.0772414e+01
  2.4365149e-01   9.3998671e+00
  2.5390777e-01   8.3001619e+00
  2.6447845e-01   7.2785796e+00
  2.7438473e-01   6.6828974e+00
  2.8406375e-01   6.2011423e+00
  2.9398167e-01   5.3086781e+00
  3.0393219e-01   4.7210192e+00
  3.1422076e-01   4.0688900e+00
  3.2428917e-01   3.8054372e+00
  3.3446410e-01   3.1840571e+00
  3.4456997e-01   2.8276261e+00
  3.5429510e-01   2.5943251e+00
  3.6412164e-01   2.2243470e+00
  3.7398411e-01   2.0183446e+00
  3.8443008e-01   1.7740025e+00
  3.9457947e-01   1.5698873e+00
  4.0408038e-01   1.4734561e+00
  4.1404548e-01   1.2855256e+00
  4.2418608e-01   1.1494786e+00
  4.3445029e-01   1.0089091e+00
  4.4458407e-01   8.8381920e-01
  4.5433794e-01   8.4656943e-01
  4.6417242e-01   7.3427441e-01
  4.7412647e-01   6.5054029e-01
  4.8419259e-01   6.2114204e-01
  4.9417771e-01   6.2697923e-01
  5.0459614e-01   5.5519464e-01
  5.1500546e-01   4.4598636e-01
  5.2466725e-01   4.1399903e-01
  5.3450280e-01   3.3576582e-01
  5.4442274e-01   3.0996019e-01
  5.5468065e-01   2.5899130e-01
  5.6500035e-01   2.3554883e-01
  5.7472267e-01   2.0548071e-01
  5.8450014e-01   1.8046213e-01
  5.9443642e-01   1.7381029e-01
  6.0471646e-01   1.4726793e-01
  6.1475321e-01   1.3855271e-01
  6.2477433e-01   1.1896897e-01
  6.3495837e-01   1.0347292e-01
  6.4411762e-01   9.4466072e-02
  6.5458975e-01   9.6360544e-02
  6.6515647e-01   7.0232505e-02
  6.7517831e-01   8.9986267e-02
  6.8602720e-01   7.8808830e-02
  6.9303679e-01   9.3948470e-02
  7.0147850e-01   9.2048834e-02
