  0.0000000e+00   3.9888576e+04
  1.2071068e-02   7.4422618e+03
  2.3251408e-02   1.9768622e+03
  3.3071316e-02   9.3655684e+02
  4.2388540e-02   5.6477584e+02
  5.3287127e-02   3.4659012e+02
  6.3374769e-02   2.4148350e+02
  7.3373062e-02   1.7861620e+02
  8.3862812e-02   1.3221912e+02
  9.3876991e-02   1.0580289e+02
  1.0376586e-01   8.4703632e+01
  1.1341626e-01   6.9829432e+01
  1.2325692e-01   5.8108209e+01
  1.3388280e-01   4.7283581e+01
  1.4416052e-01   3.9904306e+01
  1.5388090e-01   3.4934303e+01
  1.6410125e-01   2.8969830e+01
  1.7389451e-01   2.4914590e+01
  1.8411185e-01   2.1820645e+01
  1.9420269e-01   1.8794586e+01
  2.0387838e-01   1.6368874e+01
  2.1426445e-01   1.4316303e+01
  2.2421832e-01   1.2550242e+01
  2.3386484e-01   1.1145658e+01
  2.4365149e-01   9.8190390e+00
  2.5390777e-01   8.6897931e+00
  2.6447845e-01   7.5948452e+00
  2.7438473e-01   6.6759511e+00
  2.8406375e-01   5.9412606e+00
  2.9398167e-01   5.1828218e+00
  3.0393219e-01   4.6405836e+00
  3.1422076e-01   4.1132582e+00
  3.2428917e-01   3.6222615e+00
  3.3446410e-01   3.1875217e+00
  3.4456997e-01   2.8022075e+00
  3.5429510e-01   2.5054918e+00
  3.6412164e-01   2.2262883e+00
  3.7398411e-01   1.9613212e+00
  3.8443008e-01   1.7403461e+00
  3.9457947e-01   1.5386473e+00
  4.0408038e-01   1.3700188e+00
  4.1404548e-01   1.2204722e+00
  4.2418608e-01   1.0904744e+00
  4.3445029e-01   9.6683608e-01
  4.4458407e-01   8.7661567e-01
  4.5433794e-01   7.8270080e-01
  4.6417242e-01   7.1857596e-01
  4.7412647e-01   6.5355256e-01
  4.8419259e-01   6.0653498e-01
  4.9417771e-01   5.8615865e-01
  5.0459614e-01   4.4318326e-01
  5.1500546e-01   3.9870796e-01
  5.2466725e-01   3.5779847e-01
  5.3450280e-01   3.0217113e-01
  5.4442274e-01   2.7486869e-01
  5.5468065e-01   2.3893489e-01
  5.6500035e-01   2.1252007e-01
  5.7472267e-01   1.8661905e-01
  5.8450014e-01   1.5951072e-01
  5.9443642e-01   1.4703829e-01
  6.0471646e-01   1.3025482e-01
  6.1475321e-01   1.1161791e-01
  6.2477433e-01   9.9097410e-02
  6.3495837e-01   9.5203671e-02
  6.4411762e-01   7.7495848e-02
  6.5458975e-01   7.3307431e-02
  6.6515647e-01   6.9838817e-02
  6.7517831e-01   6.3607859e-02
  6.8602720e-01   5.8059969e-02
  6.9303679e-01   4.7327814e-02
  7.0147850e-01   1.8671623e-02
