  0.0000000e+00   3.1729468e+06
  1.2071068e-02   6.2832297e+02
  2.3251408e-02   7.1356543e+01
  3.3071316e-02   2.5065936e+01
  4.2388540e-02   1.6054641e+01
  5.3287127e-02   1.5832807e+01
  6.3374769e-02   9.8682114e+01
  7.3373062e-02   3.0816041e+01
  8.3862812e-02   1.3592278e+01
  9.3876991e-02   1.2200160e+01
  1.0376586e-01   1.4997553e+01
  1.1341626e-01   1.0602190e+01
  1.2325692e-01   1.1863243e+01
  1.3388280e-01   1.2146762e+01
  1.4416052e-01   8.8806764e+00
  1.5388090e-01   8.1809452e+00
  1.6410125e-01   7.4917650e+00
  1.7389451e-01   7.2949939e+00
  1.8411185e-01   1.0365150e+01
  1.9420269e-01   9.9519458e+00
  2.0387838e-01   7.5706851e+00
  2.1426445e-01   6.6150193e+00
  2.2421832e-01   6.6137110e+00
  2.3386484e-01   6.9890210e+00
  2.4365149e-01   6.6114494e+00
  2.5390777e-01   6.6274920e+00
  2.6447845e-01   6.4593845e+00
  2.7438473e-01   6.7046033e+00
  2.8406375e-01   6.8712494e+00
  2.9398167e-01   6.7606065e+00
  3.0393219e-01   6.9270549e+00
  3.1422076e-01   6.8112344e+00
  3.2428917e-01   7.3382243e+00
  3.3446410e-01   7.2626016e+00
  3.4456997e-01   6.9518256e+00
  3.5429510e-01   7.1532313e+00
  3.6412164e-01   6.9996606e+00
  3.7398411e-01   7.3159841e+00
  3.8443008e-01   6.6981591e+00
  3.9457947e-01   7.5515211e+00
  4.0408038e-01   7.5755616e+00
  4.1404548e-01   6.8023524e+00
  4.2418608e-01   7.0324233e+00
  4.3445029e-01   7.2079666e+00
  4.4458407e-01   7.2045253e+00
  4.5433794e-01   7.7040203e+00
  4.6417242e-01   7.3017085e+00
  4.7412647e-01   7.9572517e+00
  4.8419259e-01   7.6010986e+00
  4.9417771e-01   7.9658867e+00
  5.0459614e-01   5.1489161e+00
  5.1500546e-01   1.8420064e+00
  5.2466725e-01   1.6155125e+00
  5.3450280e-01   1.3137648e+00
  5.4442274e-01   1.0170248e+00
  5.5468065e-01   1.2033556e+00
  5.6500035e-01   5.1940525e-01
  5.7472267e-01   7.4185594e-01
  5.8450014e-01   4.2831454e-01
  5.9443642e-01   3.1889560e-01
  6.0471646e-01   2.6841364e-01
  6.1475321e-01   2.8861899e-01
  6.2477433e-01   3.2223439e-01
  6.3495837e-01   1.9194361e-01
  6.4411762e-01   2.3500125e-01
  6.5458975e-01   2.6634306e-01
  6.6515647e-01   2.2147540e-01
  6.7517831e-01   1.5430316e-01
  6.8602720e-01   1.5418766e-01
  6.9303679e-01   1.6287019e-01
  7.0147850e-01   1.7087322e-01
