  0.0000000e+00   3.9879361e-12
  1.2071068e-02   5.4587555e-04
  2.3251408e-02   3.6660440e-03
  3.3071316e-02   1.2249989e-02
  4.2388540e-02   3.2321425e-02
  5.3287127e-02   7.1339166e-02
  6.3374769e-02   1.5118693e-01
  7.3373062e-02   2.5881457e-01
  8.3862812e-02   4.3442838e-01
  9.3876991e-02   6.7672202e-01
  1.0376586e-01   9.3547368e-01
  1.1341626e-01   1.2801575e+00
  1.2325692e-01   1.5819370e+00
  1.3388280e-01   1.9239967e+00
  1.4416052e-01   2.2583845e+00
  1.5388090e-01   2.5831473e+00
  1.6410125e-01   2.7417346e+00
  1.7389451e-01   2.9098177e+00
  1.8411185e-01   3.0202746e+00
  1.9420269e-01   3.1206530e+00
  2.0387838e-01   3.0860378e+00
  2.1426445e-01   3.0859009e+00
  2.2421832e-01   3.0136242e+00
  2.3386484e-01   2.8862415e+00
  2.4365149e-01   2.8520325e+00
  2.5390777e-01   2.6325990e+00
  2.6447845e-01   2.5533998e+00
  2.7438473e-01   2.3481640e+00
  2.8406375e-01   2.1803441e+00
  2.9398167e-01   2.1173101e+00
  3.0393219e-01   1.9439393e+00
  3.1422076e-01   1.8363877e+00
  3.2428917e-01   1.6107059e+00
  3.3446410e-01   1.5544821e+00
  3.4456997e-01   1.3876438e+00
  3.5429510e-01   1.2539865e+00
  3.6412164e-01   1.1965134e+00
  3.7398411e-01   1.0382143e+00
  3.8443008e-01   9.9384745e-01
  3.9457947e-01   8.7055408e-01
  4.0408038e-01   7.7966152e-01
  4.1404548e-01   7.2737515e-01
  4.2418608e-01   6.5226962e-01
  4.3445029e-01   5.9889327e-01
  4.4458407e-01   5.3654429e-01
  4.5433794e-01   4.8037419e-01
  4.6417242e-01   4.5364718e-01
  4.7412647e-01   4.0474586e-01
  4.8419259e-01   3.8313982e-01
  4.9417771e-01   3.5164901e-01
  5.0459614e-01   3.5048271e-01
  5.1500546e-01   3.5798083e-01
  5.2466725e-01   3.3914332e-01
  5.3450280e-01   3.0369243e-01
  5.4442274e-01   2.8008303e-01
  5.5468065e-01   2.5178007e-01
  5.6500035e-01   2.2650936e-01
  5.7472267e-01   2.0307149e-01
  5.8450014e-01   1.7576051e-01
  5.9443642e-01   1.6506273e-01
  6.0471646e-01   1.4133765e-01
  6.1475321e-01   1.3227925e-01
  6.2477433e-01   1.1620448e-01
  6.3495837e-01   1.0699429e-01
  6.4411762e-01   1.0128085e-01
  6.5458975e-01   8.8964277e-02
  6.6515647e-01   8.7896534e-02
  6.7517831e-01   8.3244733e-02
  6.8602720e-01   8.0666410e-02
  6.9303679e-01   8.3028808e-02
  7.0147850e-01   8.3628384e-02
