  0.0000000e+00   3.1729467e+06
  1.2071068e-02   9.3609118e+02
  2.3251408e-02   2.9241166e+02
  3.3071316e-02   2.3684078e+02
  4.2388540e-02   1.9999995e+02
  5.3287127e-02   1.3178797e+02
  6.3374769e-02   1.4507377e+02
  7.3373062e-02   1.2289604e+02
  8.3862812e-02   1.1199354e+02
  9.3876991e-02   1.2390499e+02
  1.0376586e-01   1.1599069e+02
  1.1341626e-01   1.3135875e+02
  1.2325692e-01   1.1418532e+02
  1.3388280e-01   1.0908355e+02
  1.4416052e-01   1.1961901e+02
  1.5388090e-01   1.1168009e+02
  1.6410125e-01   1.1969503e+02
  1.7389451e-01   1.2066000e+02
  1.8411185e-01   1.1231735e+02
  1.9420269e-01   1.2119464e+02
  2.0387838e-01   1.2407354e+02
  2.1426445e-01   1.1128907e+02
  2.2421832e-01   1.1768243e+02
  2.3386484e-01   1.1888670e+02
  2.4365149e-01   1.1336296e+02
  2.5390777e-01   1.0993240e+02
  2.6447845e-01   1.1200487e+02
  2.7438473e-01   1.1363730e+02
  2.8406375e-01   2.0960630e+02
  2.9398167e-01   2.2821675e+01
  3.0393219e-01   1.0864759e+02
  3.1422076e-01   1.0100914e+02
  3.2428917e-01   1.1041260e+02
  3.3446410e-01   1.1129339e+02
  3.4456997e-01   1.0394496e+02
  3.5429510e-01   1.1473572e+02
  3.6412164e-01   1.1082019e+02
  3.7398411e-01   1.1182250e+02
  3.8443008e-01   1.0531933e+02
  3.9457947e-01   1.1839482e+02
  4.0408038e-01   1.2373063e+02
  4.1404548e-01   1.1066638e+02
  4.2418608e-01   1.2032330e+02
  4.3445029e-01   1.1668333e+02
  4.4458407e-01   1.1709713e+02
  4.5433794e-01   1.2829993e+02
  4.6417242e-01   1.2491095e+02
  4.7412647e-01   1.2834055e+02
  4.8419259e-01   1.2401227e+02
  4.9417771e-01   1.3050107e+02
  5.0459614e-01   7.3888687e+01
  5.1500546e-01   5.3080189e-01
  5.2466725e-01   4.2028520e-01
  5.3450280e-01   3.1408132e-01
  5.4442274e-01   2.8856394e-01
  5.5468065e-01   2.5543075e-01
  5.6500035e-01   2.3223289e-01
  5.7472267e-01   2.1279431e-01
  5.8450014e-01   1.8861338e-01
  5.9443642e-01   1.8573893e-01
  6.0471646e-01   1.6962009e-01
  6.1475321e-01   1.6752484e-01
  6.2477433e-01   1.5899639e-01
  6.3495837e-01   1.5674407e-01
  6.4411762e-01   1.5737931e-01
  6.5458975e-01   1.5384934e-01
  6.6515647e-01   1.5094388e-01
  6.7517831e-01   1.5484435e-01
  6.8602720e-01   1.5406292e-01
  6.9303679e-01   1.6229303e-01
  7.0147850e-01   1.6957097e-01
