  0.0000000e+00   3.9870353e-02
  1.2071068e-02   1.1961748e+02
  2.3251408e-02   2.3812690e+01
  3.3071316e-02   8.6304288e+00
  4.2388540e-02   4.2913469e+00
  5.3287127e-02   2.2628813e+00
  6.3374769e-02   1.2732287e+00
  7.3373062e-02   8.4132278e-01
  8.3862812e-02   5.6496183e-01
  9.3876991e-02   4.0500562e-01
  1.0376586e-01   3.1071211e-01
  1.1341626e-01   2.3855966e-01
  1.2325692e-01   2.0036991e-01
  1.3388280e-01   1.6750952e-01
  1.4416052e-01   1.3964405e-01
  1.5388090e-01   1.2292962e-01
  1.6410125e-01   1.1058576e-01
  1.7389451e-01   1.0080541e-01
  1.8411185e-01   9.3036179e-02
  1.9420269e-01   8.7227008e-02
  2.0387838e-01   8.2588930e-02
  2.1426445e-01   7.9555501e-02
  2.2421832e-01   7.6774575e-02
  2.3386484e-01   7.5562434e-02
  2.4365149e-01   7.2259962e-02
  2.5390777e-01   7.1580584e-02
  2.6447845e-01   7.0613880e-02
  2.7438473e-01   7.0870283e-02
  2.8406375e-01   7.0465591e-02
  2.9398167e-01   6.8420342e-02
  3.0393219e-01   6.9225322e-02
  3.1422076e-01   6.9308571e-02
  3.2428917e-01   7.0108367e-02
  3.3446410e-01   6.9354084e-02
  3.4456997e-01   7.0368755e-02
  3.5429510e-01   7.1628689e-02
  3.6412164e-01   7.1140166e-02
  3.7398411e-01   7.3788018e-02
  3.8443008e-01   7.3104893e-02
  3.9457947e-01   7.5738137e-02
  4.0408038e-01   7.7941590e-02
  4.1404548e-01   7.8097809e-02
  4.2418608e-01   8.0198157e-02
  4.3445029e-01   7.9957520e-02
  4.4458407e-01   8.4365015e-02
  4.5433794e-01   8.6072697e-02
  4.6417242e-01   8.7683326e-02
  4.7412647e-01   9.0772995e-02
  4.8419259e-01   9.1754720e-02
  4.9417771e-01   9.5821574e-02
  5.0459614e-01   9.2491006e-02
  5.1500546e-01   8.3924021e-02
  5.2466725e-01   8.4278338e-02
  5.3450280e-01   8.4054736e-02
  5.4442274e-01   8.7340784e-02
  5.5468065e-01   8.9077857e-02
  5.6500035e-01   9.3802590e-02
  5.7472267e-01   9.4707031e-02
  5.8450014e-01   9.8974683e-02
  5.9443642e-01   1.0193398e-01
  6.0471646e-01   1.0630665e-01
  6.1475321e-01   1.1181806e-01
  6.2477433e-01   1.1556576e-01
  6.3495837e-01   1.2121038e-01
  6.4411762e-01   1.2960451e-01
  6.5458975e-01   1.3417365e-01
  6.6515647e-01   1.3988901e-01
  6.7517831e-01   1.4713059e-01
  6.8602720e-01   1.5141528e-01
  6.9303679e-01   1.5971581e-01
  7.0147850e-01   1.6885403e-01
