  0.0000000e+00   3.1729468e+06
  1.2071068e-02   6.3547241e+02
  2.3251408e-02   7.2196641e+01
  3.3071316e-02   2.5293343e+01
  4.2388540e-02   1.6207039e+01
  5.3287127e-02   1.5994581e+01
  6.3374769e-02   1.0033311e+02
  7.3373062e-02   3.1184859e+01
  8.3862812e-02   1.3625379e+01
  9.3876991e-02   1.2178641e+01
  1.0376586e-01   1.4963390e+01
  1.1341626e-01   1.0571818e+01
  1.2325692e-01   1.1943983e+01
  1.3388280e-01   1.2214849e+01
  1.4416052e-01   8.6816866e+00
  1.5388090e-01   7.8963650e+00
  1.6410125e-01   7.1426615e+00
  1.7389451e-01   6.9258656e+00
  1.8411185e-01   9.8296453e+00
  1.9420269e-01   9.9381637e+00
  2.0387838e-01   6.9276013e+00
  2.1426445e-01   5.9935056e+00
  2.2421832e-01   5.7597896e+00
  2.3386484e-01   6.0794209e+00
  2.4365149e-01   5.5735134e+00
  2.5390777e-01   5.4211650e+00
  2.6447845e-01   5.3520069e+00
  2.7438473e-01   5.1902151e+00
  2.8406375e-01   5.2790439e+00
  2.9398167e-01   5.1244205e+00
  3.0393219e-01   5.0727638e+00
  3.1422076e-01   5.3590576e+00
  3.2428917e-01   5.5857802e+00
  3.3446410e-01   5.3676466e+00
  3.4456997e-01   4.9331327e+00
  3.5429510e-01   5.2412369e+00
  3.6412164e-01   5.2091817e+00
  3.7398411e-01   5.3952717e+00
  3.8443008e-01   4.7988668e+00
  3.9457947e-01   5.8058068e+00
  4.0408038e-01   5.5697614e+00
  4.1404548e-01   5.0464895e+00
  4.2418608e-01   5.3300457e+00
  4.3445029e-01   5.6350275e+00
  4.4458407e-01   5.7094562e+00
  4.5433794e-01   5.8805302e+00
  4.6417242e-01   5.7243143e+00
  4.7412647e-01   6.3807704e+00
  4.8419259e-01   6.3106911e+00
  4.9417771e-01   6.7486444e+00
  5.0459614e-01   2.3604964e+00
  5.1500546e-01   1.4712310e+00
  5.2466725e-01   1.7053175e+00
  5.3450280e-01   1.2258909e+00
  5.4442274e-01   1.1888442e+00
  5.5468065e-01   1.2766478e+00
  5.6500035e-01   6.7488586e-01
  5.7472267e-01   1.0127696e+00
  5.8450014e-01   5.1957326e-01
  5.9443642e-01   4.7629481e-01
  6.0471646e-01   4.6885916e-01
  6.1475321e-01   5.2059053e-01
  6.2477433e-01   6.1038281e-01
  6.3495837e-01   3.8767217e-01
  6.4411762e-01   5.9739950e-01
  6.5458975e-01   7.2736796e-01
  6.6515647e-01   3.5094982e-01
  6.7517831e-01   2.8925011e-01
  6.8602720e-01   4.1431747e-01
  6.9303679e-01   5.4766500e-01
  7.0147850e-01   6.7496547e-01
