  0.0000000e+00   3.1570049e+06
  1.2071068e-02   6.2234243e+02
  2.3251408e-02   6.0471127e+01
  3.3071316e-02   1.9448062e+01
  4.2388540e-02   1.1794059e+01
  5.3287127e-02   7.5103496e+00
  6.3374769e-02   6.4585257e+00
  7.3373062e-02   4.9864880e+00
  8.3862812e-02   4.3962076e+00
  9.3876991e-02   3.9942549e+00
  1.0376586e-01   3.3647504e+00
  1.1341626e-01   3.4606222e+00
  1.2325692e-01   2.8562418e+00
  1.3388280e-01   2.5221680e+00
  1.4416052e-01   2.5203821e+00
  1.5388090e-01   2.2726778e+00
  1.6410125e-01   2.1545943e+00
  1.7389451e-01   2.0913793e+00
  1.8411185e-01   1.9198197e+00
  1.9420269e-01   1.8714271e+00
  2.0387838e-01   1.8291772e+00
  2.1426445e-01   1.5923695e+00
  2.2421832e-01   1.6589840e+00
  2.3386484e-01   1.6541973e+00
  2.4365149e-01   1.5218306e+00
  2.5390777e-01   1.3804382e+00
  2.6447845e-01   1.3236494e+00
  2.7438473e-01   1.4319569e+00
  2.8406375e-01   1.3976125e+00
  2.9398167e-01   1.2420433e+00
  3.0393219e-01   1.2892349e+00
  3.1422076e-01   1.1629766e+00
  3.2428917e-01   1.2185651e+00
  3.3446410e-01   1.1213917e+00
  3.4456997e-01   1.1410175e+00
  3.5429510e-01   1.2216899e+00
  3.6412164e-01   1.1349564e+00
  3.7398411e-01   1.1668098e+00
  3.8443008e-01   1.0331051e+00
  3.9457947e-01   1.1517375e+00
  4.0408038e-01   1.2104206e+00
  4.1404548e-01   1.1008936e+00
  4.2418608e-01   1.1710437e+00
  4.3445029e-01   1.0793798e+00
  4.4458407e-01   1.1755416e+00
  4.5433794e-01   1.2646123e+00
  4.6417242e-01   1.2083096e+00
  4.7412647e-01   1.2942317e+00
  4.8419259e-01   1.3010771e+00
  4.9417771e-01   1.4194805e+00
  5.0459614e-01   2.4704235e-01
  5.1500546e-01   5.5758058e-02
  5.2466725e-01   5.4131810e-02
  5.3450280e-01   5.1385085e-02
  5.4442274e-01   5.3750771e-02
  5.5468065e-01   5.2909675e-02
  5.6500035e-01   5.4806552e-02
  5.7472267e-01   5.4773096e-02
  5.8450014e-01   5.5961074e-02
  5.9443642e-01   5.7669533e-02
  6.0471646e-01   6.1629308e-02
  6.1475321e-01   6.1703061e-02
  6.2477433e-01   6.5112158e-02
  6.3495837e-01   7.1316824e-02
  6.4411762e-01   6.7755505e-02
  6.5458975e-01   7.6156272e-02
  6.6515647e-01   8.1196629e-02
  6.7517831e-01   8.2491259e-02
  6.8602720e-01   8.3201183e-02
  6.9303679e-01   7.4838652e-02
  7.0147850e-01   2.6984737e-02
