  0.0000000e+00   3.9888576e+04
  1.2071068e-02   1.8500733e+03
  2.3251408e-02   4.9030306e+02
  3.3071316e-02   2.3244007e+02
  4.2388540e-02   1.4091083e+02
  5.3287127e-02   8.6570556e+01
  6.3374769e-02   6.0734476e+01
  7.3373062e-02   4.5272773e+01
  8.3862812e-02   3.3772513e+01
  9.3876991e-02   2.7210541e+01
  1.0376586e-01   2.1963986e+01
  1.1341626e-01   1.8295059e+01
  1.2325692e-01   1.5353072e+01
  1.3388280e-01   1.2658650e+01
  1.4416052e-01   1.0806258e+01
  1.5388090e-01   9.5739987e+00
  1.6410125e-01   8.0590197e+00
  1.7389451e-01   7.0300196e+00
  1.8411185e-01   6.2536718e+00
  1.9420269e-01   5.4608509e+00
  2.0387838e-01   4.8393481e+00
  2.1426445e-01   4.2924357e+00
  2.2421832e-01   3.8352548e+00
  2.3386484e-01   3.4719120e+00
  2.4365149e-01   3.0906264e+00
  2.5390777e-01   2.7931976e+00
  2.6447845e-01   2.4911276e+00
  2.7438473e-01   2.2610343e+00
  2.8406375e-01   2.0720107e+00
  2.9398167e-01   1.8278803e+00
  3.0393219e-01   1.6962813e+00
  3.1422076e-01   1.5424523e+00
  3.2428917e-01   1.4223214e+00
  3.3446410e-01   1.2746613e+00
  3.4456997e-01   1.1644990e+00
  3.5429510e-01   1.0878573e+00
  3.6412164e-01   9.8628525e-01
  3.7398411e-01   9.1754977e-01
  3.8443008e-01   8.2860345e-01
  3.9457947e-01   7.7873854e-01
  4.0408038e-01   7.2827491e-01
  4.1404548e-01   6.6662624e-01
  4.2418608e-01   6.3169640e-01
  4.3445029e-01   5.7907421e-01
  4.4458407e-01   5.6167677e-01
  4.5433794e-01   5.2784775e-01
  4.6417242e-01   4.9978663e-01
  4.7412647e-01   4.8512769e-01
  4.8419259e-01   4.5992982e-01
  4.9417771e-01   4.6767939e-01
  5.0459614e-01   4.1423904e-01
  5.1500546e-01   3.1605821e-01
  5.2466725e-01   2.8117763e-01
  5.3450280e-01   2.2875235e-01
  5.4442274e-01   2.1028868e-01
  5.5468065e-01   1.8721260e-01
  5.6500035e-01   1.6803402e-01
  5.7472267e-01   1.5153008e-01
  5.8450014e-01   1.3199560e-01
  5.9443642e-01   1.2707087e-01
  6.0471646e-01   1.1144412e-01
  6.1475321e-01   1.0726864e-01
  6.2477433e-01   9.6951976e-02
  6.3495837e-01   9.2247010e-02
  6.4411762e-01   9.0163173e-02
  6.5458975e-01   8.2104831e-02
  6.6515647e-01   8.4212696e-02
  6.7517831e-01   8.1601727e-02
  6.8602720e-01   8.1054959e-02
  6.9303679e-01   8.4335124e-02
  7.0147850e-01   8.5516958e-02
