  0.0000000e+00   3.1729440e+06
  1.2071068e-02   6.2692965e+02
  2.3251408e-02   1.3652220e+02
  3.3071316e-02   9.7140198e+01
  4.2388540e-02   8.0767798e+01
  5.3287127e-02   5.0367424e+01
  6.3374769e-02   5.4020817e+01
  7.3373062e-02   4.2512342e+01
  8.3862812e-02   3.6490124e+01
  9.3876991e-02   3.6927442e+01
  1.0376586e-01   3.1241875e+01
  1.1341626e-01   3.4665378e+01
  1.2325692e-01   2.7813251e+01
  1.3388280e-01   2.5145029e+01
  1.4416052e-01   2.6276806e+01
  1.5388090e-01   2.4543483e+01
  1.6410125e-01   2.3770577e+01
  1.7389451e-01   2.4595453e+01
  1.8411185e-01   2.2373227e+01
  1.9420269e-01   2.2978079e+01
  2.0387838e-01   2.4011963e+01
  2.1426445e-01   2.0557380e+01
  2.2421832e-01   2.2846466e+01
  2.3386484e-01   2.3691774e+01
  2.4365149e-01   2.1820262e+01
  2.5390777e-01   2.0941440e+01
  2.6447845e-01   2.0129046e+01
  2.7438473e-01   2.1608491e+01
  2.8406375e-01   2.8836089e+01
  2.9398167e-01   1.5152164e+01
  3.0393219e-01   2.1836172e+01
  3.1422076e-01   2.0743788e+01
  3.2428917e-01   2.1797679e+01
  3.3446410e-01   2.1415230e+01
  3.4456997e-01   2.0927031e+01
  3.5429510e-01   2.3557405e+01
  3.6412164e-01   2.1774459e+01
  3.7398411e-01   2.2654752e+01
  3.8443008e-01   2.0039277e+01
  3.9457947e-01   2.3609302e+01
  4.0408038e-01   2.4389215e+01
  4.1404548e-01   2.2497783e+01
  4.2418608e-01   2.3770893e+01
  4.3445029e-01   2.2231245e+01
  4.4458407e-01   2.5017104e+01
  4.5433794e-01   2.5078602e+01
  4.6417242e-01   2.4359714e+01
  4.7412647e-01   2.6133110e+01
  4.8419259e-01   2.5264000e+01
  4.9417771e-01   2.6431715e+01
  5.0459614e-01   1.3884691e+01
  5.1500546e-01   1.9811820e-01
  5.2466725e-01   1.6744568e-01
  5.3450280e-01   1.4182393e-01
  5.4442274e-01   1.3668941e-01
  5.5468065e-01   1.3014925e-01
  5.6500035e-01   1.2812319e-01
  5.7472267e-01   1.2413739e-01
  5.8450014e-01   1.2098015e-01
  5.9443642e-01   1.2250078e-01
  6.0471646e-01   1.2172096e-01
  6.1475321e-01   1.2602601e-01
  6.2477433e-01   1.2644209e-01
  6.3495837e-01   1.2970444e-01
  6.4411762e-01   1.3651431e-01
  6.5458975e-01   1.3933975e-01
  6.6515647e-01   1.4288022e-01
  6.7517831e-01   1.4932362e-01
  6.8602720e-01   1.5208017e-01
  6.9303679e-01   1.6042589e-01
  7.0147850e-01   1.6920799e-01
