  0.0000000e+00   3.9879361e-12
  1.2071068e-02   2.4603282e-05
  2.3251408e-02   5.8992791e-04
  3.3071316e-02   3.5575773e-03
  4.2388540e-02   1.3136837e-02
  5.3287127e-02   3.5235282e-02
  6.3374769e-02   8.7651733e-02
  7.3373062e-02   1.6320915e-01
  8.3862812e-02   2.9691133e-01
  9.3876991e-02   4.8931608e-01
  1.0376586e-01   7.0179691e-01
  1.1341626e-01   9.9876838e-01
  1.2325692e-01   1.2579378e+00
  1.3388280e-01   1.5705511e+00
  1.4416052e-01   1.8766032e+00
  1.5388090e-01   2.1781906e+00
  1.6410125e-01   2.3426192e+00
  1.7389451e-01   2.5129498e+00
  1.8411185e-01   2.6375007e+00
  1.9420269e-01   2.7439776e+00
  2.0387838e-01   2.7355320e+00
  2.1426445e-01   2.7519221e+00
  2.2421832e-01   2.7059337e+00
  2.3386484e-01   2.6067737e+00
  2.4365149e-01   2.5864121e+00
  2.5390777e-01   2.3990786e+00
  2.6447845e-01   2.3362524e+00
  2.7438473e-01   2.1588063e+00
  2.8406375e-01   2.0118321e+00
  2.9398167e-01   1.9581005e+00
  3.0393219e-01   1.8037830e+00
  3.1422076e-01   1.7095173e+00
  3.2428917e-01   1.5041013e+00
  3.3446410e-01   1.4550496e+00
  3.4456997e-01   1.3018863e+00
  3.5429510e-01   1.1795471e+00
  3.6412164e-01   1.1283845e+00
  3.7398411e-01   9.8057856e-01
  3.8443008e-01   9.4080124e-01
  3.9457947e-01   8.2604276e-01
  4.0408038e-01   7.4093891e-01
  4.1404548e-01   6.9283029e-01
  4.2418608e-01   6.2212616e-01
  4.3445029e-01   5.7255497e-01
  4.4458407e-01   5.1359324e-01
  4.5433794e-01   4.6079905e-01
  4.6417242e-01   4.3589327e-01
  4.7412647e-01   3.8938894e-01
  4.8419259e-01   3.6937334e-01
  4.9417771e-01   3.3923070e-01
  5.0459614e-01   3.3812816e-01
  5.1500546e-01   3.4587984e-01
  5.2466725e-01   3.2834381e-01
  5.3450280e-01   2.9518455e-01
  5.4442274e-01   2.7283889e-01
  5.5468065e-01   2.4576980e-01
  5.6500035e-01   2.2159564e-01
  5.7472267e-01   1.9903989e-01
  5.8450014e-01   1.7256072e-01
  5.9443642e-01   1.6224482e-01
  6.0471646e-01   1.3923023e-01
  6.1475321e-01   1.3047526e-01
  6.2477433e-01   1.1475257e-01
  6.3495837e-01   1.0583990e-01
  6.4411762e-01   1.0034734e-01
  6.5458975e-01   8.8259047e-02
  6.6515647e-01   8.7322649e-02
  6.7517831e-01   8.2759673e-02
  6.8602720e-01   8.0328568e-02
  6.9303679e-01   8.2635982e-02
  7.0147850e-01   8.3331424e-02
