  0.0000000e+00   3.9888576e+04
  1.2071068e-02   7.3069914e+03
  2.3251408e-02   1.9373250e+03
  3.3071316e-02   9.1890296e+02
  4.2388540e-02   5.5649464e+02
  5.3287127e-02   3.4157306e+02
  6.3374769e-02   2.3874908e+02
  7.3373062e-02   1.7720257e+02
  8.3862812e-02   1.3128460e+02
  9.3876991e-02   1.0491788e+02
  1.0376586e-01   8.4191546e+01
  1.1341626e-01   6.9467559e+01
  1.2325692e-01   5.7970978e+01
  1.3388280e-01   4.7278978e+01
  1.4416052e-01   3.9915633e+01
  1.5388090e-01   3.4939599e+01
  1.6410125e-01   2.9047426e+01
  1.7389451e-01   2.5050397e+01
  1.8411185e-01   2.1945184e+01
  1.9420269e-01   1.8935940e+01
  2.0387838e-01   1.6504719e+01
  2.1426445e-01   1.4415329e+01
  2.2421832e-01   1.2639471e+01
  2.3386484e-01   1.1209162e+01
  2.4365149e-01   9.8488115e+00
  2.5390777e-01   8.6975982e+00
  2.6447845e-01   7.6180432e+00
  2.7438473e-01   6.7210216e+00
  2.8406375e-01   6.0021920e+00
  2.9398167e-01   5.2448338e+00
  3.0393219e-01   4.7181150e+00
  3.1422076e-01   4.1920819e+00
  3.2428917e-01   3.7183059e+00
  3.3446410e-01   3.2748422e+00
  3.4456997e-01   2.8866571e+00
  3.5429510e-01   2.5950457e+00
  3.6412164e-01   2.3068466e+00
  3.7398411e-01   2.0427549e+00
  3.8443008e-01   1.8088273e+00
  3.9457947e-01   1.6099984e+00
  4.0408038e-01   1.4373021e+00
  4.1404548e-01   1.2754382e+00
  4.2418608e-01   1.1448655e+00
  4.3445029e-01   1.0133668e+00
  4.4458407e-01   9.2254617e-01
  4.5433794e-01   8.2306779e-01
  4.6417242e-01   7.5432210e-01
  4.7412647e-01   6.8746283e-01
  4.8419259e-01   6.3596053e-01
  4.9417771e-01   6.0853174e-01
  5.0459614e-01   5.4960807e-01
  5.1500546e-01   4.5487211e-01
  5.2466725e-01   4.0729727e-01
  5.3450280e-01   3.4286228e-01
  5.4442274e-01   3.0973971e-01
  5.5468065e-01   2.7370533e-01
  5.6500035e-01   2.4227108e-01
  5.7472267e-01   2.1514073e-01
  5.8450014e-01   1.8446401e-01
  5.9443642e-01   1.7272478e-01
  6.0471646e-01   1.4696883e-01
  6.1475321e-01   1.3722035e-01
  6.2477433e-01   1.2019258e-01
  6.3495837e-01   1.1035870e-01
  6.4411762e-01   1.0435730e-01
  6.5458975e-01   9.1540317e-02
  6.6515647e-01   9.0276133e-02
  6.7517831e-01   8.5476561e-02
  6.8602720e-01   8.2774656e-02
  6.9303679e-01   8.5170481e-02
  7.0147850e-01   8.5775384e-02
