  0.0000000e+00   1.5605385e+04
  1.2071068e-02   7.3942273e+03
  2.3251408e-02   1.9570301e+03
  3.3071316e-02   9.2616120e+02
  4.2388540e-02   5.5977005e+02
  5.3287127e-02   3.4279533e+02
  6.3374769e-02   2.3928912e+02
  7.3373062e-02   1.7759789e+02
  8.3862812e-02   1.3163301e+02
  9.3876991e-02   1.0534316e+02
  1.0376586e-01   8.4490836e+01
  1.1341626e-01   6.9678115e+01
  1.2325692e-01   5.8113657e+01
  1.3388280e-01   4.7355755e+01
  1.4416052e-01   4.0015899e+01
  1.5388090e-01   3.5061985e+01
  1.6410125e-01   2.9153597e+01
  1.7389451e-01   2.5126239e+01
  1.8411185e-01   2.1991626e+01
  1.9420269e-01   1.8977448e+01
  2.0387838e-01   1.6537928e+01
  2.1426445e-01   1.4459006e+01
  2.2421832e-01   1.2679690e+01
  2.3386484e-01   1.1250995e+01
  2.4365149e-01   9.8804967e+00
  2.5390777e-01   8.7126301e+00
  2.6447845e-01   7.6390523e+00
  2.7438473e-01   6.7402993e+00
  2.8406375e-01   6.0173437e+00
  2.9398167e-01   5.2597664e+00
  3.0393219e-01   4.7275551e+00
  3.1422076e-01   4.1995487e+00
  3.2428917e-01   3.7236351e+00
  3.3446410e-01   3.2802755e+00
  3.4456997e-01   2.8911053e+00
  3.5429510e-01   2.5992489e+00
  3.6412164e-01   2.3085059e+00
  3.7398411e-01   2.0454686e+00
  3.8443008e-01   1.8099002e+00
  3.9457947e-01   1.6102880e+00
  4.0408038e-01   1.4371514e+00
  4.1404548e-01   1.2753098e+00
  4.2418608e-01   1.1446800e+00
  4.3445029e-01   1.0125015e+00
  4.4458407e-01   9.2131976e-01
  4.5433794e-01   8.2244337e-01
  4.6417242e-01   7.5282849e-01
  4.7412647e-01   6.8576784e-01
  4.8419259e-01   6.3418043e-01
  4.9417771e-01   6.0716298e-01
  5.0459614e-01   5.4915471e-01
  5.1500546e-01   4.5501055e-01
  5.2466725e-01   4.0734068e-01
  5.3450280e-01   3.4307393e-01
  5.4442274e-01   3.0992022e-01
  5.5468065e-01   2.7385348e-01
  5.6500035e-01   2.4236850e-01
  5.7472267e-01   2.1523350e-01
  5.8450014e-01   1.8450840e-01
  5.9443642e-01   1.7280541e-01
  6.0471646e-01   1.4699108e-01
  6.1475321e-01   1.3729007e-01
  6.2477433e-01   1.2019591e-01
  6.3495837e-01   1.1040684e-01
  6.4411762e-01   1.0437825e-01
  6.5458975e-01   9.1522899e-02
  6.6515647e-01   9.0308626e-02
  6.7517831e-01   8.5466166e-02
  6.8602720e-01   8.2768324e-02
  6.9303679e-01   8.5164500e-02
  7.0147850e-01   8.5773760e-02
