  0.0000000e+00   1.0392178e-02
  1.2071068e-02   7.3956168e+03
  2.3251408e-02   1.9571092e+03
  3.3071316e-02   9.2617868e+02
  4.2388540e-02   5.5974259e+02
  5.3287127e-02   3.4276978e+02
  6.3374769e-02   2.3927014e+02
  7.3373062e-02   1.7757309e+02
  8.3862812e-02   1.3162064e+02
  9.3876991e-02   1.0531286e+02
  1.0376586e-01   8.4459805e+01
  1.1341626e-01   6.9661701e+01
  1.2325692e-01   5.8088002e+01
  1.3388280e-01   4.7338386e+01
  1.4416052e-01   3.9995650e+01
  1.5388090e-01   3.5049010e+01
  1.6410125e-01   2.9134592e+01
  1.7389451e-01   2.5110365e+01
  1.8411185e-01   2.1980953e+01
  1.9420269e-01   1.8966619e+01
  2.0387838e-01   1.6526738e+01
  2.1426445e-01   1.4450483e+01
  2.2421832e-01   1.2667272e+01
  2.3386484e-01   1.1236240e+01
  2.4365149e-01   9.8695303e+00
  2.5390777e-01   8.7049523e+00
  2.6447845e-01   7.6313700e+00
  2.7438473e-01   6.7309237e+00
  2.8406375e-01   6.0144169e+00
  2.9398167e-01   5.2465484e+00
  3.0393219e-01   4.7196082e+00
  3.1422076e-01   4.1909238e+00
  3.2428917e-01   3.7151285e+00
  3.3446410e-01   3.2713495e+00
  3.4456997e-01   2.8815364e+00
  3.5429510e-01   2.5890306e+00
  3.6412164e-01   2.2980582e+00
  3.7398411e-01   2.0328583e+00
  3.8443008e-01   1.7983969e+00
  3.9457947e-01   1.5948069e+00
  4.0408038e-01   1.4204107e+00
  4.1404548e-01   1.2575488e+00
  4.2418608e-01   1.1222787e+00
  4.3445029e-01   9.9053930e-01
  4.4458407e-01   8.9418628e-01
  4.5433794e-01   7.9511045e-01
  4.6417242e-01   7.2559982e-01
  4.7412647e-01   6.5665871e-01
  4.8419259e-01   6.0924149e-01
  4.9417771e-01   5.8788767e-01
  5.0459614e-01   4.4636477e-01
  5.1500546e-01   4.0190995e-01
  5.2466725e-01   3.6052294e-01
  5.3450280e-01   3.0543722e-01
  5.4442274e-01   2.7727805e-01
  5.5468065e-01   2.4123240e-01
  5.6500035e-01   2.1463676e-01
  5.7472267e-01   1.8866446e-01
  5.8450014e-01   1.6159686e-01
  5.9443642e-01   1.4889189e-01
  6.0471646e-01   1.3188469e-01
  6.1475321e-01   1.1294756e-01
  6.2477433e-01   9.9956616e-02
  6.3495837e-01   9.5725497e-02
  6.4411762e-01   7.7524541e-02
  6.5458975e-01   7.3131846e-02
  6.6515647e-01   6.9497297e-02
  6.7517831e-01   6.3223863e-02
  6.8602720e-01   5.7632865e-02
  6.9303679e-01   4.7002917e-02
  7.0147850e-01   1.8557826e-02
