  0.0000000e+00   3.1722137e-10
  1.2071068e-02   3.0595443e-02
  2.3251408e-02   4.0540671e-01
  3.3071316e-02   3.2139948e+00
  4.2388540e-02   1.3769191e+01
  5.3287127e-02   3.1526386e+01
  6.3374769e-02   9.8312925e+01
  7.3373062e-02   1.9899766e+02
  8.3862812e-02   3.5885255e+02
  9.3876991e-02   7.2621675e+02
  1.0376586e-01   1.1192597e+03
  1.1341626e-01   1.9852667e+03
  1.2325692e-01   2.2400482e+03
  1.3388280e-01   2.7633080e+03
  1.4416052e-01   3.8204054e+03
  1.5388090e-01   4.8154425e+03
  1.6410125e-01   5.4449477e+03
  1.7389451e-01   5.8192060e+03
  1.8411185e-01   5.9280383e+03
  1.9420269e-01   6.8483896e+03
  2.0387838e-01   7.5031943e+03
  2.1426445e-01   6.8941872e+03
  2.2421832e-01   8.1210760e+03
  2.3386484e-01   7.9207946e+03
  2.4365149e-01   7.8469650e+03
  2.5390777e-01   7.4676448e+03
  2.6447845e-01   7.1265842e+03
  2.7438473e-01   7.8629674e+03
  2.8406375e-01   1.5510012e+04
  2.9398167e-01   1.3087588e+02
  3.0393219e-01   7.5200571e+03
  3.1422076e-01   6.3336603e+03
  3.2428917e-01   6.3354488e+03
  3.3446410e-01   5.5235043e+03
  3.4456997e-01   4.9056377e+03
  3.5429510e-01   4.6084142e+03
  3.6412164e-01   3.7940137e+03
  3.7398411e-01   3.5878425e+03
  3.8443008e-01   3.1285570e+03
  3.9457947e-01   2.9200788e+03
  4.0408038e-01   2.9241048e+03
  4.1404548e-01   2.3048144e+03
  4.2418608e-01   2.2536157e+03
  4.3445029e-01   2.0622846e+03
  4.4458407e-01   2.0232779e+03
  4.5433794e-01   2.1131438e+03
  4.6417242e-01   1.9434954e+03
  4.7412647e-01   1.9304376e+03
  4.8419259e-01   1.7894481e+03
  4.9417771e-01   1.9177274e+03
  5.0459614e-01   1.0450826e+03
  5.1500546e-01   9.6873750e+00
  5.2466725e-01   8.2253987e+00
  5.3450280e-01   6.0697399e+00
  5.4442274e-01   5.4394557e+00
  5.5468065e-01   4.6574136e+00
  5.6500035e-01   3.9161300e+00
  5.7472267e-01   3.3497143e+00
  5.8450014e-01   2.6786549e+00
  5.9443642e-01   2.4836705e+00
  6.0471646e-01   1.9380213e+00
  6.1475321e-01   1.7378791e+00
  6.2477433e-01   1.4063518e+00
  6.3495837e-01   1.1714889e+00
  6.4411762e-01   9.8460449e-01
  6.5458975e-01   7.4500694e-01
  6.6515647e-01   5.7724488e-01
  6.7517831e-01   4.5749387e-01
  6.8602720e-01   3.5719861e-01
  6.9303679e-01   3.2384081e-01
  7.0147850e-01   2.9974561e-01
