  0.0000000e+00   3.1729468e+06
  1.2071068e-02   8.0807753e+05
  2.3251408e-02   3.6392287e+05
  3.3071316e-02   3.1817352e+05
  4.2388540e-02   2.5753697e+05
  5.3287127e-02   1.5473639e+05
  6.3374769e-02   1.5969138e+05
  7.3373062e-02   1.2715713e+05
  8.3862812e-02   1.0373191e+05
  9.3876991e-02   1.0687803e+05
  1.0376586e-01   9.2665136e+04
  1.1341626e-01   1.0101987e+05
  1.2325692e-01   7.5502351e+04
  1.3388280e-01   6.5728845e+04
  1.4416052e-01   6.7882590e+04
  1.5388090e-01   6.7540380e+04
  1.6410125e-01   6.2301899e+04
  1.7389451e-01   5.6265947e+04
  1.8411185e-01   4.9995667e+04
  1.9420269e-01   5.1255977e+04
  2.0387838e-01   5.1260118e+04
  2.1426445e-01   4.3355453e+04
  2.2421832e-01   4.7747617e+04
  2.3386484e-01   4.4050436e+04
  2.4365149e-01   4.1617936e+04
  2.5390777e-01   3.7967508e+04
  2.6447845e-01   3.5079861e+04
  2.7438473e-01   3.7495275e+04
  2.8406375e-01   7.1593753e+04
  2.9398167e-01   5.6165384e+02
  3.0393219e-01   3.3726981e+04
  3.1422076e-01   2.7929575e+04
  3.2428917e-01   2.7631386e+04
  3.3446410e-01   2.3481586e+04
  3.4456997e-01   2.0652682e+04
  3.5429510e-01   1.9306744e+04
  3.6412164e-01   1.5675387e+04
  3.7398411e-01   1.4752534e+04
  3.8443008e-01   1.2670410e+04
  3.9457947e-01   1.1687983e+04
  4.0408038e-01   1.1467884e+04
  4.1404548e-01   8.8012588e+03
  4.2418608e-01   8.6729022e+03
  4.3445029e-01   7.9876304e+03
  4.4458407e-01   7.7057753e+03
  4.5433794e-01   7.9658088e+03
  4.6417242e-01   6.9969361e+03
  4.7412647e-01   7.1752393e+03
  4.8419259e-01   6.8750450e+03
  4.9417771e-01   7.6116763e+03
  5.0459614e-01   1.0566499e+03
  5.1500546e-01   1.5427820e+01
  5.2466725e-01   1.3418700e+01
  5.3450280e-01   1.0774591e+01
  5.4442274e-01   1.0253440e+01
  5.5468065e-01   9.1081452e+00
  5.6500035e-01   8.5193887e+00
  5.7472267e-01   7.7925165e+00
  5.8450014e-01   6.8161546e+00
  5.9443642e-01   6.5894973e+00
  6.0471646e-01   6.0517543e+00
  6.1475321e-01   5.4600156e+00
  6.2477433e-01   5.1350379e+00
  6.3495837e-01   5.1251713e+00
  6.4411762e-01   4.3957758e+00
  6.5458975e-01   4.3928544e+00
  6.6515647e-01   4.2693824e+00
  6.7517831e-01   4.1426179e+00
  6.8602720e-01   3.8512566e+00
  6.9303679e-01   3.3642010e+00
  7.0147850e-01   1.1882590e+00
