  0.0000000e+00   3.1729468e+06
  1.2071068e-02   8.0799675e+05
  2.3251408e-02   3.6393444e+05
  3.3071316e-02   3.1814555e+05
  4.2388540e-02   2.5746444e+05
  5.3287127e-02   1.5482339e+05
  6.3374769e-02   1.5959923e+05
  7.3373062e-02   1.2716650e+05
  8.3862812e-02   1.0385388e+05
  9.3876991e-02   1.0700527e+05
  1.0376586e-01   9.2818598e+04
  1.1341626e-01   1.0107478e+05
  1.2325692e-01   7.5525052e+04
  1.3388280e-01   6.5882199e+04
  1.4416052e-01   6.8154904e+04
  1.5388090e-01   6.7454738e+04
  1.6410125e-01   6.2380978e+04
  1.7389451e-01   5.6420424e+04
  1.8411185e-01   5.0038501e+04
  1.9420269e-01   5.1525645e+04
  2.0387838e-01   5.1301267e+04
  2.1426445e-01   4.3523874e+04
  2.2421832e-01   4.7964486e+04
  2.3386484e-01   4.4239860e+04
  2.4365149e-01   4.1816400e+04
  2.5390777e-01   3.8246665e+04
  2.6447845e-01   3.5294248e+04
  2.7438473e-01   3.7846761e+04
  2.8406375e-01   7.2130901e+04
  2.9398167e-01   5.8918013e+02
  3.0393219e-01   3.3983942e+04
  3.1422076e-01   2.8182907e+04
  3.2428917e-01   2.7817770e+04
  3.3446410e-01   2.3974099e+04
  3.4456997e-01   2.1078677e+04
  3.5429510e-01   1.9631024e+04
  3.6412164e-01   1.6037719e+04
  3.7398411e-01   1.5065768e+04
  3.8443008e-01   1.3060298e+04
  3.9457947e-01   1.2129349e+04
  4.0408038e-01   1.2094946e+04
  4.1404548e-01   9.4939704e+03
  4.2418608e-01   9.2528515e+03
  4.3445029e-01   8.4431527e+03
  4.4458407e-01   8.2640181e+03
  4.5433794e-01   8.6167122e+03
  4.6417242e-01   7.9119811e+03
  4.7412647e-01   7.8488380e+03
  4.8419259e-01   7.2691989e+03
  4.9417771e-01   7.7867602e+03
  5.0459614e-01   4.2303659e+03
  5.1500546e-01   1.5199618e+01
  5.2466725e-01   1.1558410e+01
  5.3450280e-01   8.0746609e+00
  5.4442274e-01   6.9798266e+00
  5.5468065e-01   5.8482736e+00
  5.6500035e-01   4.8151568e+00
  5.7472267e-01   4.0483708e+00
  5.8450014e-01   3.2025048e+00
  5.9443642e-01   2.9157615e+00
  6.0471646e-01   2.2479772e+00
  6.1475321e-01   1.9681615e+00
  6.2477433e-01   1.5676095e+00
  6.3495837e-01   1.2722626e+00
  6.4411762e-01   1.0467859e+00
  6.5458975e-01   7.4579292e-01
  6.6515647e-01   5.3947488e-01
  6.7517831e-01   3.9022431e-01
  6.8602720e-01   2.6084610e-01
  6.9303679e-01   2.1980610e-01
  7.0147850e-01   1.8242139e-01
