  0.0000000e+00   3.9879361e-12
  1.2071068e-02   2.4465187e-05
  2.3251408e-02   5.9033088e-04
  3.3071316e-02   3.5629591e-03
  4.2388540e-02   1.3159698e-02
  5.3287127e-02   3.5301836e-02
  6.3374769e-02   8.7844195e-02
  7.3373062e-02   1.6359151e-01
  8.3862812e-02   2.9768042e-01
  9.3876991e-02   4.9065868e-01
  1.0376586e-01   7.0384631e-01
  1.1341626e-01   1.0018422e+00
  1.2325692e-01   1.2619481e+00
  1.3388280e-01   1.5758545e+00
  1.4416052e-01   1.8832322e+00
  1.5388090e-01   2.1861987e+00
  1.6410125e-01   2.3517366e+00
  1.7389451e-01   2.5231485e+00
  1.8411185e-01   2.6486408e+00
  1.9420269e-01   2.7560322e+00
  2.0387838e-01   2.7477707e+00
  2.1426445e-01   2.7648489e+00
  2.2421832e-01   2.7188449e+00
  2.3386484e-01   2.6195582e+00
  2.4365149e-01   2.5995609e+00
  2.5390777e-01   2.4119335e+00
  2.6447845e-01   2.3490904e+00
  2.7438473e-01   2.1705909e+00
  2.8406375e-01   2.0232769e+00
  2.9398167e-01   1.9691875e+00
  3.0393219e-01   1.8143207e+00
  3.1422076e-01   1.7194586e+00
  3.2428917e-01   1.5130375e+00
  3.3446410e-01   1.4634038e+00
  3.4456997e-01   1.3089007e+00
  3.5429510e-01   1.1857677e+00
  3.6412164e-01   1.1336899e+00
  3.7398411e-01   9.8437894e-01
  3.8443008e-01   9.4401898e-01
  3.9457947e-01   8.2701539e-01
  4.0408038e-01   7.4083863e-01
  4.1404548e-01   6.9175625e-01
  4.2418608e-01   6.1841949e-01
  4.3445029e-01   5.6794756e-01
  4.4458407e-01   5.0607628e-01
  4.5433794e-01   4.5224004e-01
  4.6417242e-01   4.2660956e-01
  4.7412647e-01   3.7819785e-01
  4.8419259e-01   3.5923531e-01
  4.9417771e-01   3.3039856e-01
  5.0459614e-01   3.0515011e-01
  5.1500546e-01   3.1797237e-01
  5.2466725e-01   2.9838846e-01
  5.3450280e-01   2.6793911e-01
  5.4442274e-01   2.4719994e-01
  5.5468065e-01   2.1894961e-01
  5.6500035e-01   1.9795659e-01
  5.7472267e-01   1.7592749e-01
  5.8450014e-01   1.5232296e-01
  5.9443642e-01   1.4075734e-01
  6.0471646e-01   1.2562077e-01
  6.1475321e-01   1.0803071e-01
  6.2477433e-01   9.6068022e-02
  6.3495837e-01   9.2406409e-02
  6.4411762e-01   7.5145430e-02
  6.5458975e-01   7.1133226e-02
  6.6515647e-01   6.7758393e-02
  6.7517831e-01   6.1732488e-02
  6.8602720e-01   5.6348724e-02
  6.9303679e-01   4.5949288e-02
  7.0147850e-01   1.8144122e-02
