  0.0000000e+00   3.1729465e+06
  1.2071068e-02   9.3549354e+02
  2.3251408e-02   2.8441583e+02
  3.3071316e-02   2.2327549e+02
  4.2388540e-02   1.8247146e+02
  5.3287127e-02   1.1049014e+02
  6.3374769e-02   1.1644862e+02
  7.3373062e-02   9.1034326e+01
  8.3862812e-02   7.6126041e+01
  9.3876991e-02   7.6814376e+01
  1.0376586e-01   6.5426201e+01
  1.1341626e-01   7.0836418e+01
  1.2325692e-01   5.4938906e+01
  1.3388280e-01   4.8513027e+01
  1.4416052e-01   5.0295903e+01
  1.5388090e-01   4.8742878e+01
  1.6410125e-01   4.4846813e+01
  1.7389451e-01   4.2495069e+01
  1.8411185e-01   3.9204952e+01
  1.9420269e-01   4.0575376e+01
  2.0387838e-01   4.1787168e+01
  2.1426445e-01   3.5321050e+01
  2.2421832e-01   3.9281060e+01
  2.3386484e-01   3.7916147e+01
  2.4365149e-01   3.8056337e+01
  2.5390777e-01   3.4934487e+01
  2.6447845e-01   3.3330888e+01
  2.7438473e-01   3.8934167e+01
  2.8406375e-01   6.3674413e+01
  2.9398167e-01   1.1480014e+01
  3.0393219e-01   3.6212227e+01
  3.1422076e-01   3.3270765e+01
  3.2428917e-01   3.7274961e+01
  3.3446410e-01   3.8989615e+01
  3.4456997e-01   4.1728735e+01
  3.5429510e-01   4.5626221e+01
  3.6412164e-01   4.3119100e+01
  3.7398411e-01   4.7754750e+01
  3.8443008e-01   4.6020011e+01
  3.9457947e-01   5.3642249e+01
  4.0408038e-01   5.9918677e+01
  4.1404548e-01   5.4371871e+01
  4.2418608e-01   5.7206215e+01
  4.3445029e-01   5.8817143e+01
  4.4458407e-01   6.6941364e+01
  4.5433794e-01   7.5420812e+01
  4.6417242e-01   7.1983646e+01
  4.7412647e-01   7.7678604e+01
  4.8419259e-01   7.8343275e+01
  4.9417771e-01   9.1325902e+01
  5.0459614e-01   1.2545813e+01
  5.1500546e-01   1.7540603e-01
  5.2466725e-01   1.5414307e-01
  5.3450280e-01   1.2684526e-01
  5.4442274e-01   1.2500148e-01
  5.5468065e-01   1.1633793e-01
  5.6500035e-01   1.1381602e-01
  5.7472267e-01   1.0893313e-01
  5.8450014e-01   1.0356210e-01
  5.9443642e-01   1.0504075e-01
  6.0471646e-01   1.0611946e-01
  6.1475321e-01   1.0325897e-01
  6.2477433e-01   1.0500897e-01
  6.3495837e-01   1.1341749e-01
  6.4411762e-01   1.0532333e-01
  6.5458975e-01   1.1554851e-01
  6.6515647e-01   1.1803872e-01
  6.7517831e-01   1.2126025e-01
  6.8602720e-01   1.1869714e-01
  6.9303679e-01   1.0802289e-01
  7.0147850e-01   3.9665885e-02
