  0.0000000e+00   2.6749180e+06
  1.2071068e-02   6.2195115e+02
  2.3251408e-02   6.0478927e+01
  3.3071316e-02   1.5949004e+01
  4.2388540e-02   6.6911140e+00
  5.3287127e-02   3.3559525e+00
  6.3374769e-02   1.9257021e+00
  7.3373062e-02   1.3975929e+00
  8.3862812e-02   1.2133230e+00
  9.3876991e-02   9.0680575e-01
  1.0376586e-01   7.8239236e-01
  1.1341626e-01   7.2983155e-01
  1.2325692e-01   6.0920254e-01
  1.3388280e-01   5.9877096e-01
  1.4416052e-01   5.2433754e-01
  1.5388090e-01   4.8656025e-01
  1.6410125e-01   4.5879052e-01
  1.7389451e-01   4.3375772e-01
  1.8411185e-01   4.1336963e-01
  1.9420269e-01   3.8784292e-01
  2.0387838e-01   3.8153404e-01
  2.1426445e-01   3.4359260e-01
  2.2421832e-01   3.4786720e-01
  2.3386484e-01   3.3338614e-01
  2.4365149e-01   3.1701384e-01
  2.5390777e-01   3.0044323e-01
  2.6447845e-01   2.8004708e-01
  2.7438473e-01   2.9604142e-01
  2.8406375e-01   2.8398696e-01
  2.9398167e-01   2.6267533e-01
  3.0393219e-01   2.6831065e-01
  3.1422076e-01   2.5037739e-01
  3.2428917e-01   2.5911162e-01
  3.3446410e-01   2.4105361e-01
  3.4456997e-01   2.4178999e-01
  3.5429510e-01   2.5348828e-01
  3.6412164e-01   2.3831398e-01
  3.7398411e-01   2.4860601e-01
  3.8443008e-01   2.2263063e-01
  3.9457947e-01   2.4474774e-01
  4.0408038e-01   2.5602897e-01
  4.1404548e-01   2.3930779e-01
  4.2418608e-01   2.4873642e-01
  4.3445029e-01   2.3572870e-01
  4.4458407e-01   2.5733007e-01
  4.5433794e-01   2.6956601e-01
  4.6417242e-01   2.6374098e-01
  4.7412647e-01   2.7888713e-01
  4.8419259e-01   2.8379346e-01
  4.9417771e-01   3.0621880e-01
  5.0459614e-01   9.4354162e-02
  5.1500546e-01   5.3962158e-02
  5.2466725e-01   5.2762143e-02
  5.3450280e-01   5.0148793e-02
  5.4442274e-01   5.2609619e-02
  5.5468065e-01   5.2001682e-02
  5.6500035e-01   5.3844799e-02
  5.7472267e-01   5.3994180e-02
  5.8450014e-01   5.5244855e-02
  5.9443642e-01   5.7037418e-02
  6.0471646e-01   6.0965177e-02
  6.1475321e-01   6.1034905e-02
  6.2477433e-01   6.4580871e-02
  6.3495837e-01   7.0808147e-02
  6.4411762e-01   6.7437033e-02
  6.5458975e-01   7.5798027e-02
  6.6515647e-01   8.0738288e-02
  6.7517831e-01   8.1715092e-02
  6.8602720e-01   8.2350057e-02
  6.9303679e-01   7.3961256e-02
  7.0147850e-01   2.6756762e-02
