  0.0000000e+00   8.4026182e+04
  1.2071068e-02   9.7894963e+03
  2.3251408e-02   1.9348953e+03
  3.3071316e-02   8.8878055e+02
  4.2388540e-02   6.0887924e+02
  5.3287127e-02   3.6322762e+02
  6.3374769e-02   2.1111490e+02
  7.3373062e-02   1.7932874e+02
  8.3862812e-02   1.1678406e+02
  9.3876991e-02   9.9956362e+01
  1.0376586e-01   7.9935017e+01
  1.1341626e-01   7.5525947e+01
  1.2325692e-01   4.4363012e+01
  1.3388280e-01   5.4856485e+01
  1.4416052e-01   3.7535363e+01
  1.5388090e-01   3.0816879e+01
  1.6410125e-01   3.0379123e+01
  1.7389451e-01   2.8979973e+01
  1.8411185e-01   1.9518056e+01
  1.9420269e-01   1.9856970e+01
  2.0387838e-01   1.5380483e+01
  2.1426445e-01   1.4405310e+01
  2.2421832e-01   1.3745285e+01
  2.3386484e-01   1.0454444e+01
  2.4365149e-01   9.5079391e+00
  2.5390777e-01   8.6633581e+00
  2.6447845e-01   7.0441114e+00
  2.7438473e-01   6.9601913e+00
  2.8406375e-01   6.5411841e+00
  2.9398167e-01   5.2844298e+00
  3.0393219e-01   4.8858330e+00
  3.1422076e-01   4.1794334e+00
  3.2428917e-01   3.6604204e+00
  3.3446410e-01   3.4491122e+00
  3.4456997e-01   2.7231824e+00
  3.5429510e-01   2.7579767e+00
  3.6412164e-01   2.1137820e+00
  3.7398411e-01   1.9232229e+00
  3.8443008e-01   1.8330894e+00
  3.9457947e-01   1.5339125e+00
  4.0408038e-01   1.4079135e+00
  4.1404548e-01   1.2508923e+00
  4.2418608e-01   1.1517980e+00
  4.3445029e-01   1.0110162e+00
  4.4458407e-01   8.7687722e-01
  4.5433794e-01   7.8565711e-01
  4.6417242e-01   7.4626576e-01
  4.7412647e-01   6.0063186e-01
  4.8419259e-01   6.0837757e-01
  4.9417771e-01   6.0469508e-01
  5.0459614e-01   4.3474963e-01
  5.1500546e-01   4.1286071e-01
  5.2466725e-01   3.3536718e-01
  5.3450280e-01   3.1521476e-01
  5.4442274e-01   2.8023985e-01
  5.5468065e-01   2.1734300e-01
  5.6500035e-01   2.0614374e-01
  5.7472267e-01   1.7633574e-01
  5.8450014e-01   1.5267277e-01
  5.9443642e-01   1.3879660e-01
  6.0471646e-01   1.4632509e-01
  6.1475321e-01   8.8338386e-02
  6.2477433e-01   9.0495261e-02
  6.3495837e-01   9.1859696e-02
  6.4411762e-01   7.3752049e-02
  6.5458975e-01   8.7610418e-02
  6.6515647e-01   6.5802963e-02
  6.7517831e-01   8.1539248e-02
  6.8602720e-01   3.7175885e-02
  6.9303679e-01   5.2032270e-02
  7.0147850e-01   2.2906931e-02
