  0.0000000e+00   3.9888576e+04
  1.2071068e-02   7.3958919e+03
  2.3251408e-02   1.9571427e+03
  3.3071316e-02   9.2617310e+02
  4.2388540e-02   5.5975274e+02
  5.3287127e-02   3.4276634e+02
  6.3374769e-02   2.3926723e+02
  7.3373062e-02   1.7757277e+02
  8.3862812e-02   1.3162111e+02
  9.3876991e-02   1.0531492e+02
  1.0376586e-01   8.4461607e+01
  1.1341626e-01   6.9663558e+01
  1.2325692e-01   5.8090358e+01
  1.3388280e-01   4.7339122e+01
  1.4416052e-01   3.9996166e+01
  1.5388090e-01   3.5050284e+01
  1.6410125e-01   2.9135326e+01
  1.7389451e-01   2.5110579e+01
  1.8411185e-01   2.1981256e+01
  1.9420269e-01   1.8967797e+01
  2.0387838e-01   1.6527596e+01
  2.1426445e-01   1.4450626e+01
  2.2421832e-01   1.2668170e+01
  2.3386484e-01   1.1237783e+01
  2.4365149e-01   9.8706634e+00
  2.5390777e-01   8.7053495e+00
  2.6447845e-01   7.6319676e+00
  2.7438473e-01   6.7318587e+00
  2.8406375e-01   6.0154281e+00
  2.9398167e-01   5.2467357e+00
  3.0393219e-01   4.7200402e+00
  3.1422076e-01   4.1917742e+00
  3.2428917e-01   3.7163015e+00
  3.3446410e-01   3.2722029e+00
  3.4456997e-01   2.8823626e+00
  3.5429510e-01   2.5898085e+00
  3.6412164e-01   2.2986279e+00
  3.7398411e-01   2.0330734e+00
  3.8443008e-01   1.7984974e+00
  3.9457947e-01   1.5950260e+00
  4.0408038e-01   1.4206180e+00
  4.1404548e-01   1.2579997e+00
  4.2418608e-01   1.1224459e+00
  4.3445029e-01   9.9073088e-01
  4.4458407e-01   8.9406006e-01
  4.5433794e-01   7.9503692e-01
  4.6417242e-01   7.2547886e-01
  4.7412647e-01   6.5641188e-01
  4.8419259e-01   6.0878140e-01
  4.9417771e-01   5.8774063e-01
  5.0459614e-01   4.4616734e-01
  5.1500546e-01   4.0177841e-01
  5.2466725e-01   3.6041781e-01
  5.3450280e-01   3.0541474e-01
  5.4442274e-01   2.7725868e-01
  5.5468065e-01   2.4124780e-01
  5.6500035e-01   2.1468762e-01
  5.7472267e-01   1.8876290e-01
  5.8450014e-01   1.6167268e-01
  5.9443642e-01   1.4893944e-01
  6.0471646e-01   1.3191281e-01
  6.1475321e-01   1.1299900e-01
  6.2477433e-01   1.0011725e-01
  6.3495837e-01   9.5998884e-02
  6.4411762e-01   7.7863859e-02
  6.5458975e-01   7.3551742e-02
  6.6515647e-01   6.9937815e-02
  6.7517831e-01   6.3648036e-02
  6.8602720e-01   5.8032305e-02
  6.9303679e-01   4.7327785e-02
  7.0147850e-01   1.8670725e-02
