  0.0000000e+00   3.9888576e+04
  1.2071068e-02   5.7465804e+03
  2.3251408e-02   1.5399896e+03
  3.3071316e-02   7.3348409e+02
  4.2388540e-02   4.4150435e+02
  5.3287127e-02   2.7197267e+02
  6.3374769e-02   1.9014470e+02
  7.3373062e-02   1.4179197e+02
  8.3862812e-02   1.0510301e+02
  9.3876991e-02   8.4548837e+01
  1.0376586e-01   6.8520835e+01
  1.1341626e-01   5.6825694e+01
  1.2325692e-01   4.7756836e+01
  1.3388280e-01   3.9210920e+01
  1.4416052e-01   3.3208554e+01
  1.5388090e-01   2.9281349e+01
  1.6410125e-01   2.4534478e+01
  1.7389451e-01   2.1242683e+01
  1.8411185e-01   1.8818695e+01
  1.9420269e-01   1.6432444e+01
  2.0387838e-01   1.4484922e+01
  2.1426445e-01   1.2878980e+01
  2.2421832e-01   1.1480760e+01
  2.3386484e-01   1.0370363e+01
  2.4365149e-01   9.2764940e+00
  2.5390777e-01   8.3574212e+00
  2.6447845e-01   7.2682360e+00
  2.7438473e-01   6.3719041e+00
  2.8406375e-01   5.6567583e+00
  2.9398167e-01   4.9513028e+00
  3.0393219e-01   4.4324793e+00
  3.1422076e-01   3.9388513e+00
  3.2428917e-01   3.4701591e+00
  3.3446410e-01   3.0680052e+00
  3.4456997e-01   2.7032455e+00
  3.5429510e-01   2.4237317e+00
  3.6412164e-01   2.1714595e+00
  3.7398411e-01   1.9165333e+00
  3.8443008e-01   1.7048384e+00
  3.9457947e-01   1.5178477e+00
  4.0408038e-01   1.3570388e+00
  4.1404548e-01   1.2122773e+00
  4.2418608e-01   1.0880314e+00
  4.3445029e-01   9.6692701e-01
  4.4458407e-01   8.8237665e-01
  4.5433794e-01   7.9054441e-01
  4.6417242e-01   7.2644977e-01
  4.7412647e-01   6.6408087e-01
  4.8419259e-01   6.1484450e-01
  4.9417771e-01   5.8951895e-01
  5.0459614e-01   5.3253384e-01
  5.1500546e-01   4.4320487e-01
  5.2466725e-01   3.9827532e-01
  5.3450280e-01   3.3560108e-01
  5.4442274e-01   3.0440826e-01
  5.5468065e-01   2.6889490e-01
  5.6500035e-01   2.3733404e-01
  5.7472267e-01   2.1020782e-01
  5.8450014e-01   1.7987624e-01
  5.9443642e-01   1.6848862e-01
  6.0471646e-01   1.4374683e-01
  6.1475321e-01   1.3443159e-01
  6.2477433e-01   1.1828312e-01
  6.3495837e-01   1.0906264e-01
  6.4411762e-01   1.0338511e-01
  6.5458975e-01   9.1016727e-02
  6.6515647e-01   9.0092818e-02
  6.7517831e-01   8.5373647e-02
  6.8602720e-01   8.2744310e-02
  6.9303679e-01   8.5158901e-02
  7.0147850e-01   8.5774858e-02
