  0.0000000e+00   3.9888576e+04
  1.2071068e-02   7.3953393e+03
  2.3251408e-02   1.9571762e+03
  3.3071316e-02   9.2620844e+02
  4.2388540e-02   5.5973445e+02
  5.3287127e-02   3.4276580e+02
  6.3374769e-02   2.3926537e+02
  7.3373062e-02   1.7757411e+02
  8.3862812e-02   1.3161725e+02
  9.3876991e-02   1.0530125e+02
  1.0376586e-01   8.4453766e+01
  1.1341626e-01   6.9661820e+01
  1.2325692e-01   5.8091098e+01
  1.3388280e-01   4.7341061e+01
  1.4416052e-01   3.9997020e+01
  1.5388090e-01   3.5052045e+01
  1.6410125e-01   2.9134345e+01
  1.7389451e-01   2.5109226e+01
  1.8411185e-01   2.1980592e+01
  1.9420269e-01   1.8967814e+01
  2.0387838e-01   1.6529821e+01
  2.1426445e-01   1.4452938e+01
  2.2421832e-01   1.2669618e+01
  2.3386484e-01   1.1239041e+01
  2.4365149e-01   9.8714937e+00
  2.5390777e-01   8.7095585e+00
  2.6447845e-01   7.6364120e+00
  2.7438473e-01   6.7363861e+00
  2.8406375e-01   6.0183262e+00
  2.9398167e-01   5.2506442e+00
  3.0393219e-01   4.7250415e+00
  3.1422076e-01   4.1977919e+00
  3.2428917e-01   3.7220161e+00
  3.3446410e-01   3.2770335e+00
  3.4456997e-01   2.8866930e+00
  3.5429510e-01   2.5937784e+00
  3.6412164e-01   2.3032366e+00
  3.7398411e-01   2.0386579e+00
  3.8443008e-01   1.8025238e+00
  3.9457947e-01   1.5993075e+00
  4.0408038e-01   1.4251542e+00
  4.1404548e-01   1.2616826e+00
  4.2418608e-01   1.1258814e+00
  4.3445029e-01   9.9395693e-01
  4.4458407e-01   8.9723955e-01
  4.5433794e-01   7.9782775e-01
  4.6417242e-01   7.2791709e-01
  4.7412647e-01   6.5896259e-01
  4.8419259e-01   6.1107685e-01
  4.9417771e-01   5.8982151e-01
  5.0459614e-01   4.4653399e-01
  5.1500546e-01   4.0184371e-01
  5.2466725e-01   3.6050616e-01
  5.3450280e-01   3.0542281e-01
  5.4442274e-01   2.7722936e-01
  5.5468065e-01   2.4123469e-01
  5.6500035e-01   2.1476134e-01
  5.7472267e-01   1.8876121e-01
  5.8450014e-01   1.6172215e-01
  5.9443642e-01   1.4893844e-01
  6.0471646e-01   1.3192324e-01
  6.1475321e-01   1.1305997e-01
  6.2477433e-01   1.0014480e-01
  6.3495837e-01   9.6029341e-02
  6.4411762e-01   7.7906062e-02
  6.5458975e-01   7.3582835e-02
  6.6515647e-01   6.9959937e-02
  6.7517831e-01   6.3748917e-02
  6.8602720e-01   5.8033491e-02
  6.9303679e-01   4.7308085e-02
  7.0147850e-01   1.8661138e-02
