  0.0000000e+00   3.9888576e+04
  1.2071068e-02   7.4419827e+03
  2.3251408e-02   1.9766061e+03
  3.3071316e-02   9.3632883e+02
  4.2388540e-02   5.6458438e+02
  5.3287127e-02   3.4641604e+02
  6.3374769e-02   2.4132508e+02
  7.3373062e-02   1.7849536e+02
  8.3862812e-02   1.3211752e+02
  9.3876991e-02   1.0570225e+02
  1.0376586e-01   8.4625368e+01
  1.1341626e-01   6.9747907e+01
  1.2325692e-01   5.8050436e+01
  1.3388280e-01   4.7244334e+01
  1.4416052e-01   3.9878932e+01
  1.5388090e-01   3.4918827e+01
  1.6410125e-01   2.8965763e+01
  1.7389451e-01   2.4914219e+01
  1.8411185e-01   2.1819818e+01
  1.9420269e-01   1.8795846e+01
  2.0387838e-01   1.6370522e+01
  2.1426445e-01   1.4317471e+01
  2.2421832e-01   1.2551280e+01
  2.3386484e-01   1.1146502e+01
  2.4365149e-01   9.8190014e+00
  2.5390777e-01   8.6900627e+00
  2.6447845e-01   7.5953539e+00
  2.7438473e-01   6.6764057e+00
  2.8406375e-01   5.9420640e+00
  2.9398167e-01   5.1840332e+00
  3.0393219e-01   4.6425502e+00
  3.1422076e-01   4.1156744e+00
  3.2428917e-01   3.6259624e+00
  3.3446410e-01   3.1916135e+00
  3.4456997e-01   2.8068432e+00
  3.5429510e-01   2.5116165e+00
  3.6412164e-01   2.2326185e+00
  3.7398411e-01   1.9689496e+00
  3.8443008e-01   1.7463292e+00
  3.9457947e-01   1.5437258e+00
  4.0408038e-01   1.3738070e+00
  4.1404548e-01   1.2225941e+00
  4.2418608e-01   1.0919145e+00
  4.3445029e-01   9.6766416e-01
  4.4458407e-01   8.7704889e-01
  4.5433794e-01   7.8291694e-01
  4.6417242e-01   7.1863205e-01
  4.7412647e-01   6.5352341e-01
  4.8419259e-01   6.0652301e-01
  4.9417771e-01   5.8617193e-01
  5.0459614e-01   4.4321559e-01
  5.1500546e-01   3.9876921e-01
  5.2466725e-01   3.5782620e-01
  5.3450280e-01   3.0223416e-01
  5.4442274e-01   2.7490371e-01
  5.5468065e-01   2.3896431e-01
  5.6500035e-01   2.1254798e-01
  5.7472267e-01   1.8664171e-01
  5.8450014e-01   1.5953793e-01
  5.9443642e-01   1.4707233e-01
  6.0471646e-01   1.3028175e-01
  6.1475321e-01   1.1164953e-01
  6.2477433e-01   9.9117117e-02
  6.3495837e-01   9.5211459e-02
  6.4411762e-01   7.7494838e-02
  6.5458975e-01   7.3307620e-02
  6.6515647e-01   6.9839364e-02
  6.7517831e-01   6.3607738e-02
  6.8602720e-01   5.8059681e-02
  6.9303679e-01   4.7327891e-02
  7.0147850e-01   1.8671577e-02
