  0.0000000e+00   3.1722137e-10
  1.2071068e-02   1.8301401e-03
  2.3251408e-02   6.9028142e-02
  3.3071316e-02   1.0153783e+00
  4.2388540e-02   6.0738931e+00
  5.3287127e-02   1.7003494e+01
  6.3374769e-02   6.0592170e+01
  7.3373062e-02   1.3437092e+02
  8.3862812e-02   2.5874904e+02
  9.3876991e-02   5.5065067e+02
  1.0376586e-01   8.8193314e+02
  1.1341626e-01   1.6151485e+03
  1.2325692e-01   1.8689020e+03
  1.3388280e-01   2.3484243e+03
  1.4416052e-01   3.2973184e+03
  1.5388090e-01   4.2388052e+03
  1.6410125e-01   4.8400692e+03
  1.7389451e-01   5.2203364e+03
  1.8411185e-01   5.3773910e+03
  1.9420269e-01   6.2354821e+03
  2.0387838e-01   6.9114677e+03
  2.1426445e-01   6.3712554e+03
  2.2421832e-01   7.5435334e+03
  2.3386484e-01   7.3970909e+03
  2.4365149e-01   7.3590003e+03
  2.5390777e-01   7.0148381e+03
  2.6447845e-01   6.7288326e+03
  2.7438473e-01   7.4271069e+03
  2.8406375e-01   1.4752187e+04
  2.9398167e-01   1.1667326e+02
  3.0393219e-01   7.1821920e+03
  3.1422076e-01   6.0563472e+03
  3.2428917e-01   6.0876695e+03
  3.3446410e-01   5.2460283e+03
  3.4456997e-01   4.6712431e+03
  3.5429510e-01   4.4145374e+03
  3.6412164e-01   3.6191435e+03
  3.7398411e-01   3.4355069e+03
  3.8443008e-01   2.9735262e+03
  3.9457947e-01   2.7617350e+03
  4.0408038e-01   2.7262040e+03
  4.1404548e-01   2.1039287e+03
  4.2418608e-01   2.0833029e+03
  4.3445029e-01   1.9269010e+03
  4.4458407e-01   1.8658590e+03
  4.5433794e-01   1.9346474e+03
  4.6417242e-01   1.7039815e+03
  4.7412647e-01   1.7510880e+03
  4.8419259e-01   1.6803619e+03
  4.9417771e-01   1.8620968e+03
  5.0459614e-01   2.6261298e+02
  5.1500546e-01   8.3977686e+00
  5.2466725e-01   7.8251410e+00
  5.3450280e-01   6.2597933e+00
  5.4442274e-01   6.1883942e+00
  5.5468065e-01   5.5656585e+00
  5.6500035e-01   5.2913737e+00
  5.7472267e-01   4.9016488e+00
  5.8450014e-01   4.3450359e+00
  5.9443642e-01   4.3514988e+00
  6.0471646e-01   4.0869339e+00
  6.1475321e-01   3.8155334e+00
  6.2477433e-01   3.6744518e+00
  6.3495837e-01   3.7954176e+00
  6.4411762e-01   3.3392687e+00
  6.5458975e-01   3.4492114e+00
  6.6515647e-01   3.4568883e+00
  6.7517831e-01   3.4369333e+00
  6.8602720e-01   3.2555703e+00
  6.9303679e-01   2.8696578e+00
  7.0147850e-01   1.0149835e+00
