  0.0000000e+00   3.9861181e+04
  1.2071068e-02   7.3956384e+03
  2.3251408e-02   1.9571508e+03
  3.3071316e-02   9.2620807e+02
  4.2388540e-02   5.5976057e+02
  5.3287127e-02   3.4275228e+02
  6.3374769e-02   2.3925490e+02
  7.3373062e-02   1.7757134e+02
  8.3862812e-02   1.3162910e+02
  9.3876991e-02   1.0532391e+02
  1.0376586e-01   8.4464521e+01
  1.1341626e-01   6.9660431e+01
  1.2325692e-01   5.8085238e+01
  1.3388280e-01   4.7336995e+01
  1.4416052e-01   3.9998017e+01
  1.5388090e-01   3.5053461e+01
  1.6410125e-01   2.9136819e+01
  1.7389451e-01   2.5108812e+01
  1.8411185e-01   2.1976991e+01
  1.9420269e-01   1.8963758e+01
  2.0387838e-01   1.6525510e+01
  2.1426445e-01   1.4450651e+01
  2.2421832e-01   1.2668699e+01
  2.3386484e-01   1.1237373e+01
  2.4365149e-01   9.8687925e+00
  2.5390777e-01   8.7025173e+00
  2.6447845e-01   7.6294598e+00
  2.7438473e-01   6.7303286e+00
  2.8406375e-01   6.0127862e+00
  2.9398167e-01   5.2481755e+00
  3.0393219e-01   4.7194357e+00
  3.1422076e-01   4.1907868e+00
  3.2428917e-01   3.7145913e+00
  3.3446410e-01   3.2707278e+00
  3.4456997e-01   2.8809814e+00
  3.5429510e-01   2.5887277e+00
  3.6412164e-01   2.2978316e+00
  3.7398411e-01   2.0327799e+00
  3.8443008e-01   1.7982512e+00
  3.9457947e-01   1.5942544e+00
  4.0408038e-01   1.4197276e+00
  4.1404548e-01   1.2571989e+00
  4.2418608e-01   1.1218095e+00
  4.3445029e-01   9.9036700e-01
  4.4458407e-01   8.9409865e-01
  4.5433794e-01   7.9499958e-01
  4.6417242e-01   7.2577387e-01
  4.7412647e-01   6.5665111e-01
  4.8419259e-01   6.0885696e-01
  4.9417771e-01   5.8792798e-01
  5.0459614e-01   4.4608569e-01
  5.1500546e-01   4.0161618e-01
  5.2466725e-01   3.6033399e-01
  5.3450280e-01   3.0546977e-01
  5.4442274e-01   2.7739517e-01
  5.5468065e-01   2.4152581e-01
  5.6500035e-01   2.1507261e-01
  5.7472267e-01   1.8914452e-01
  5.8450014e-01   1.6180152e-01
  5.9443642e-01   1.4891464e-01
  6.0471646e-01   1.3147098e-01
  6.1475321e-01   1.1238991e-01
  6.2477433e-01   9.9457787e-02
  6.3495837e-01   9.5348555e-02
  6.4411762e-01   7.7558288e-02
  6.5458975e-01   7.3657703e-02
  6.6515647e-01   7.0523357e-02
  6.7517831e-01   6.4647802e-02
  6.8602720e-01   5.9321221e-02
  6.9303679e-01   4.8530552e-02
  7.0147850e-01   1.9184776e-02
