  0.0000000e+00   3.1729468e+06
  1.2071068e-02   6.4714373e+02
  2.3251408e-02   7.4108806e+01
  3.3071316e-02   2.1599273e+01
  4.2388540e-02   9.8208318e+00
  5.3287127e-02   5.0324898e+00
  6.3374769e-02   2.8747593e+00
  7.3373062e-02   1.8545529e+00
  8.3862812e-02   1.2483837e+00
  9.3876991e-02   9.0460860e-01
  1.0376586e-01   6.9661187e-01
  1.1341626e-01   5.4062382e-01
  1.2325692e-01   4.3024427e-01
  1.3388280e-01   3.5617716e-01
  1.4416052e-01   2.9724299e-01
  1.5388090e-01   2.6629130e-01
  1.6410125e-01   2.3636413e-01
  1.7389451e-01   2.1205330e-01
  1.8411185e-01   1.9900941e-01
  1.9420269e-01   1.8155166e-01
  2.0387838e-01   1.7466844e-01
  2.1426445e-01   1.7173797e-01
  2.2421832e-01   1.8708175e-01
  2.3386484e-01   2.4982351e-01
  2.4365149e-01   4.7548143e-01
  2.5390777e-01   7.7245306e-01
  2.6447845e-01   9.8540223e-01
  2.7438473e-01   7.8544504e-01
  2.8406375e-01   7.1571623e-01
  2.9398167e-01   7.0137171e-01
  3.0393219e-01   6.8948630e-01
  3.1422076e-01   4.3228531e-01
  3.2428917e-01   7.1842232e-01
  3.3446410e-01   7.4158175e-01
  3.4456997e-01   4.6835224e-01
  3.5429510e-01   4.9854482e-01
  3.6412164e-01   8.7882260e-01
  3.7398411e-01   5.5559485e-01
  3.8443008e-01   5.2291203e-01
  3.9457947e-01   1.0801897e+00
  4.0408038e-01   6.4038557e-01
  4.1404548e-01   5.5431562e-01
  4.2418608e-01   5.4548789e-01
  4.3445029e-01   8.3001685e-01
  4.4458407e-01   4.9646500e-01
  4.5433794e-01   4.8999657e-01
  4.6417242e-01   4.4793824e-01
  4.7412647e-01   4.5764177e-01
  4.8419259e-01   6.9860538e-01
  4.9417771e-01   4.8296412e-01
  5.0459614e-01   4.5490876e-01
  5.1500546e-01   5.8890919e-01
  5.2466725e-01   6.7417702e-01
  5.3450280e-01   6.7919438e-01
  5.4442274e-01   8.4999720e-01
  5.5468065e-01   8.6529098e-01
  5.6500035e-01   1.2923582e-01
  5.7472267e-01   1.3007482e-01
  5.8450014e-01   1.2623218e-01
  5.9443642e-01   1.5390635e-01
  6.0471646e-01   1.1724856e-01
  6.1475321e-01   1.6618984e-01
  6.2477433e-01   1.6846216e-01
  6.3495837e-01   1.5638096e-01
  6.4411762e-01   2.2740748e-01
  6.5458975e-01   2.1397312e-01
  6.6515647e-01   2.5171209e-01
  6.7517831e-01   3.0585497e-01
  6.8602720e-01   4.4711776e-01
  6.9303679e-01   5.7459327e-01
  7.0147850e-01   6.7935953e-01
