  0.0000000e+00   2.0000000e-01   0.0000000e+00   0.0000000e+00
  1.4903679e-02   2.2559463e-01   8.4054749e-04   0.0000000e+00
  2.9996462e-02   2.5107820e-01   1.8828644e-03   0.0000000e+00
  4.5277520e-02   2.7644933e-01   3.1292350e-03   0.0000000e+00
  6.0746016e-02   3.0170661e-01   4.5818686e-03   0.0000000e+00
  7.6401102e-02   3.2684866e-01   6.2428995e-03   0.0000000e+00
  9.2241920e-02   3.5187411e-01   8.1143859e-03   0.0000000e+00
  1.0826760e-01   3.7678159e-01   1.0198310e-02   0.0000000e+00
  1.2447727e-01   4.0156972e-01   1.2496575e-02   0.0000000e+00
  1.4087003e-01   4.2623714e-01   1.5011010e-02   0.0000000e+00
  1.5744499e-01   4.5078252e-01   1.7743362e-02   0.0000000e+00
  1.7420123e-01   4.7520449e-01   2.0695302e-02   0.0000000e+00
  1.9113785e-01   4.9950173e-01   2.3868422e-02   0.0000000e+00
  2.0825391e-01   5.2367289e-01   2.7264232e-02   0.0000000e+00
  2.2554847e-01   5.4771666e-01   3.0884164e-02   0.0000000e+00
  2.4302059e-01   5.7163172e-01   3.4729569e-02   0.0000000e+00
  2.6066930e-01   5.9541675e-01   3.8801716e-02   0.0000000e+00
  2.7849364e-01   6.1907045e-01   4.3101795e-02   0.0000000e+00
  2.9649263e-01   6.4259152e-01   4.7630913e-02   0.0000000e+00
  3.1466529e-01   6.6597868e-01   5.2390093e-02   0.0000000e+00
  3.3301062e-01   6.8923064e-01   5.7380280e-02   0.0000000e+00
  3.5152761e-01   7.1234612e-01   6.2602332e-02   0.0000000e+00
  3.7021524e-01   7.3532387e-01   6.8057026e-02   0.0000000e+00
  3.8907251e-01   7.5816262e-01   7.3745057e-02   0.0000000e+00
  4.0809836e-01   7.8086111e-01   7.9667034e-02   0.0000000e+00
  4.2729175e-01   8.0341811e-01   8.5823483e-02   0.0000000e+00
  4.4665164e-01   8.2583238e-01   9.2214847e-02   0.0000000e+00
  4.6617697e-01   8.4810268e-01   9.8841483e-02   0.0000000e+00
  4.8586665e-01   8.7022780e-01   1.0570367e-01   0.0000000e+00
  5.0571962e-01   8.9220652e-01   1.1280159e-01   2.5000000e-01
  5.2573478e-01   9.1403765e-01   1.2013535e-01   2.5000000e-01
  5.4591104e-01   9.3571997e-01   1.2770497e-01   2.5000000e-01
  5.6624729e-01   9.5725231e-01   1.3551038e-01   2.5000000e-01
  5.8674241e-01   9.7863348e-01   1.4355144e-01   2.5000000e-01
  6.0739529e-01   9.9986231e-01   1.5182792e-01   2.5000000e-01
  6.2820479e-01   1.0209376e+00   1.6033948e-01   2.5000000e-01
  6.4916976e-01   1.0418583e+00   1.6908573e-01   2.5000000e-01
  6.7028907e-01   1.0626232e+00   1.7806618e-01   2.5000000e-01
  6.9156155e-01   1.0832311e+00   1.8728024e-01   2.5000000e-01
  7.1298603e-01   1.1036809e+00   1.9672727e-01   2.5000000e-01
  7.3456134e-01   1.1239716e+00   2.0640652e-01   2.5000000e-01
  7.5628630e-01   1.1441019e+00   2.1631716e-01   2.5000000e-01
  7.7815972e-01   1.1640709e+00   2.2645827e-01   2.5000000e-01
  8.0018039e-01   1.1838773e+00   2.3682885e-01   2.5000000e-01
  8.2234712e-01   1.2035201e+00   2.4742783e-01   2.5000000e-01
  8.4465868e-01   1.2229983e+00   2.5825403e-01   2.5000000e-01
  8.6711385e-01   1.2423107e+00   2.6930621e-01   2.5000000e-01
  8.8971140e-01   1.2614564e+00   2.8058303e-01   2.5000000e-01
  9.1245010e-01   1.2804341e+00   2.9208307e-01   2.5000000e-01
  9.3532869e-01   1.2992430e+00   3.0380482e-01   2.5000000e-01
  9.5834592e-01   1.3178820e+00   3.1574672e-01   2.5000000e-01
  9.8150053e-01   1.3363501e+00   3.2790708e-01   2.5000000e-01
  1.0047912e+00   1.3546462e+00   3.4028415e-01   2.5000000e-01
  1.0282168e+00   1.3727693e+00   3.5287612e-01   2.5000000e-01
  1.0517759e+00   1.3907185e+00   3.6568105e-01   2.5000000e-01
  1.0754672e+00   1.4084928e+00   3.7869696e-01   2.5000000e-01
  1.0992896e+00   1.4260911e+00   3.9192177e-01   2.5000000e-01
  1.1232415e+00   1.4435126e+00   4.0535333e-01   2.5000000e-01
  1.1473218e+00   1.4607563e+00   4.1898939e-01   2.5000000e-01
  1.1715291e+00   1.4778211e+00   4.3282764e-01   2.5000000e-01
  1.1958622e+00   1.4947063e+00   4.4686568e-01   2.5000000e-01
  1.2203195e+00   1.5114109e+00   4.6110105e-01   5.0000000e-01
  1.2448999e+00   1.5279339e+00   4.7553118e-01   5.0000000e-01
  1.2696020e+00   1.5442744e+00   4.9015345e-01   5.0000000e-01
  1.2944243e+00   1.5604316e+00   5.0496516e-01   5.0000000e-01
  1.3193657e+00   1.5764045e+00   5.1996350e-01   5.0000000e-01
  1.3444246e+00   1.5921924e+00   5.3514564e-01   5.0000000e-01
  1.3695997e+00   1.6077942e+00   5.5050862e-01   5.0000000e-01
  1.3948896e+00   1.6232093e+00   5.6604944e-01   5.0000000e-01
  1.4202930e+00   1.6384366e+00   5.8176503e-01   5.0000000e-01
  1.4458085e+00   1.6534755e+00   5.9765221e-01   5.0000000e-01
  1.4714346e+00   1.6683250e+00   6.1370775e-01   5.0000000e-01
  1.4971699e+00   1.6829843e+00   6.2992837e-01   5.0000000e-01
  1.5230131e+00   1.6974527e+00   6.4631068e-01   1.0000000e+00
  1.5489627e+00   1.7117293e+00   6.6285123e-01   1.0000000e+00
  1.5750173e+00   1.7258135e+00   6.7954652e-01   1.0000000e+00
  1.6011755e+00   1.7397043e+00   6.9639296e-01   1.0000000e+00
  1.6274358e+00   1.7534010e+00   7.1338689e-01   1.0000000e+00
  1.6537968e+00   1.7669029e+00   7.3052461e-01   1.0000000e+00
  1.6802571e+00   1.7802093e+00   7.4780231e-01   1.0000000e+00
  1.7068151e+00   1.7933194e+00   7.6521616e-01   1.0000000e+00
  1.7334695e+00   1.8062325e+00   7.8276223e-01   1.0000000e+00
  1.7602188e+00   1.8189478e+00   8.0043654e-01   1.0000000e+00
  1.7870615e+00   1.8314648e+00   8.1823505e-01   1.0000000e+00
  1.8139961e+00   1.8437826e+00   8.3615365e-01   1.0000000e+00
  1.8410213e+00   1.8559007e+00   8.5418817e-01   1.0000000e+00
  1.8681354e+00   1.8678184e+00   8.7233439e-01   1.0000000e+00
  1.8953369e+00   1.8795349e+00   8.9058801e-01   1.0000000e+00
  1.9226246e+00   1.8910498e+00   9.0894468e-01   1.0000000e+00
  1.9499967e+00   1.9023622e+00   9.2740001e-01   1.0000000e+00
  1.9774518e+00   1.9134717e+00   9.4594953e-01   1.0000000e+00
  2.0049884e+00   1.9243776e+00   9.6458872e-01   1.0000000e+00
  2.0326051e+00   1.9350793e+00   9.8331301e-01   1.0000000e+00
  2.0603002e+00   1.9455763e+00   1.0021178e+00   1.0000000e+00
  2.0880722e+00   1.9558678e+00   1.0209983e+00   1.0000000e+00
  2.1159198e+00   1.9659535e+00   1.0399500e+00   1.0000000e+00
  2.1438412e+00   1.9758327e+00   1.0589679e+00   1.0000000e+00
  2.1718350e+00   1.9855049e+00   1.0780472e+00   1.0000000e+00
  2.1998997e+00   1.9949695e+00   1.0971832e+00   1.0000000e+00
  2.2280336e+00   2.0042261e+00   1.1163708e+00   1.0000000e+00
