  0.0000000e+00   2.9165119e+01
  6.0355339e-03   3.7163696e+01
  1.1625704e-02   3.1796746e+01
  1.6535658e-02   2.8574084e+01
  2.1194270e-02   2.8611952e+01
  2.6643563e-02   2.4526702e+01
  3.1687384e-02   2.1173904e+01
  3.6686531e-02   1.7133294e+01
  4.1931406e-02   1.4199915e+01
  4.6938495e-02   1.1498811e+01
  5.1882930e-02   9.5013301e+00
  5.6708130e-02   7.7894768e+00
  6.1628458e-02   6.4355286e+00
  6.6941402e-02   5.2222913e+00
  7.2080259e-02   4.4056814e+00
  7.6940452e-02   3.6841407e+00
  8.2050626e-02   3.0314601e+00
  8.6947257e-02   2.6207217e+00
  9.2055923e-02   2.1770472e+00
  9.7101346e-02   1.9281624e+00
  1.0193919e-01   1.6596926e+00
  1.0713223e-01   1.4428551e+00
  1.1210916e-01   1.2647156e+00
  1.1693242e-01   1.1217091e+00
  1.2182575e-01   1.0051821e+00
  1.2695388e-01   8.9491481e-01
  1.3223922e-01   7.9537136e-01
  1.3719237e-01   7.2406674e-01
  1.4203187e-01   6.6023798e-01
  1.4699084e-01   6.1520529e-01
  1.5196609e-01   5.5975021e-01
  1.5711038e-01   5.1872946e-01
  1.6214458e-01   4.8028600e-01
  1.6723205e-01   4.5056663e-01
  1.7228499e-01   4.2659067e-01
  1.7714755e-01   3.9454637e-01
  1.8206082e-01   3.7594591e-01
  1.8699206e-01   3.5441646e-01
  1.9221504e-01   3.4138269e-01
  1.9728973e-01   3.2031050e-01
  2.0204019e-01   3.0674354e-01
  2.0702274e-01   2.9065962e-01
  2.1209304e-01   2.8292093e-01
  2.1722515e-01   2.7160207e-01
  2.2229203e-01   2.6185917e-01
  2.2716897e-01   2.5184068e-01
  2.3208621e-01   2.4225551e-01
  2.3706324e-01   2.3891423e-01
  2.4209630e-01   2.2837068e-01
  2.4708886e-01   2.2259997e-01
  2.5223849e-01   2.1573051e-01
  2.5732923e-01   2.0914153e-01
  2.6221185e-01   2.0562635e-01
  2.6715089e-01   1.9815142e-01
  2.7206913e-01   1.9475337e-01
  2.7719028e-01   1.9013239e-01
  2.8224737e-01   1.8637436e-01
  2.8723902e-01   1.8326773e-01
  2.9220417e-01   1.7865609e-01
  2.9713400e-01   1.7539452e-01
  3.0216522e-01   1.7013889e-01
  3.0723428e-01   1.6947841e-01
  3.1227901e-01   1.6516574e-01
  3.1725066e-01   1.6252687e-01
  3.2215775e-01   1.6044822e-01
  3.2719516e-01   1.5707437e-01
  3.3219206e-01   1.5558073e-01
  3.3719196e-01   1.5355751e-01
  3.4226898e-01   1.5192098e-01
  3.4724764e-01   1.4950583e-01
  3.5215670e-01   1.4698455e-01
  3.5706391e-01   1.4622962e-01
  3.6213505e-01   1.4367343e-01
  3.6723354e-01   1.4322975e-01
  3.7225891e-01   1.4053525e-01
  3.7722627e-01   1.3931415e-01
  3.8224487e-01   1.3828827e-01
  3.8733654e-01   1.3745168e-01
  3.9226576e-01   1.3628934e-01
  3.9717060e-01   1.3563000e-01
  4.0221212e-01   1.3400866e-01
  4.0721746e-01   1.3376486e-01
  4.1225207e-01   1.3186027e-01
  4.1722273e-01   1.3168650e-01
  4.2219228e-01   1.3089455e-01
  4.2724000e-01   1.2956588e-01
  4.3231121e-01   1.2938302e-01
  4.3730787e-01   1.2867057e-01
  4.4217411e-01   1.2841260e-01
  4.4723304e-01   1.2763448e-01
  4.5233047e-01   1.2727609e-01
  4.5728741e-01   1.2755363e-01
  4.6224142e-01   1.2669947e-01
  4.6723469e-01   1.2565434e-01
  4.7227266e-01   1.2601130e-01
  4.7724018e-01   1.2528863e-01
  4.8216001e-01   1.2547221e-01
  4.8721088e-01   1.2491519e-01
  4.9224994e-01   1.2520764e-01
  4.9727019e-01   1.2489274e-01
  5.0230602e-01   1.2519037e-01
  5.0740078e-01   1.2467300e-01
  5.1249775e-01   1.2461638e-01
  5.1741244e-01   1.2463931e-01
  5.2234742e-01   1.2530516e-01
  5.2730901e-01   1.2490487e-01
  5.3233009e-01   1.2503289e-01
  5.3747281e-01   1.2489522e-01
  5.4242782e-01   1.2495877e-01
  5.4731972e-01   1.2420543e-01
  5.5232898e-01   1.2467713e-01
  5.5733483e-01   1.2427861e-01
  5.6234468e-01   1.2365506e-01
  5.6741369e-01   1.2438675e-01
  5.7243211e-01   1.2481670e-01
  5.7743378e-01   1.2402473e-01
  5.8231555e-01   1.2344666e-01
  5.8728631e-01   1.2318979e-01
  5.9237195e-01   1.2553478e-01
  5.9739156e-01   1.2358792e-01
  6.0242814e-01   1.2285698e-01
  6.0733831e-01   1.2519148e-01
  6.1216534e-01   1.2498986e-01
  6.1730342e-01   1.2429143e-01
  6.2247235e-01   1.2472915e-01
  6.2754964e-01   1.2321714e-01
  6.3248637e-01   1.2441999e-01
  6.3733464e-01   1.2467664e-01
  6.4237696e-01   1.2356824e-01
  6.4746340e-01   1.2515296e-01
  6.5252716e-01   1.2336798e-01
  6.5754505e-01   1.2266442e-01
  6.6253670e-01   1.2260965e-01
  6.6735920e-01   1.2268909e-01
  6.7206764e-01   1.2531123e-01
  6.7718157e-01   1.2281622e-01
  6.8251372e-01   1.2656074e-01
  6.8760067e-01   1.2405447e-01
  6.9301876e-01   1.2175279e-01
  6.9653308e-01   1.2282165e-01
  7.0122909e-01   1.2296769e-01
  7.0710678e-01   1.3766634e-01
