  0.0000000e+00   2.8914286e+01
  6.0355339e-03   3.3445276e+02
  1.1625704e-02   4.9344189e+02
  1.6535658e-02   3.7118687e+02
  2.1194270e-02   2.6990031e+02
  2.6643563e-02   1.6858371e+02
  3.1687384e-02   1.0365279e+02
  3.6686531e-02   6.8334218e+01
  4.1931406e-02   4.5492912e+01
  4.6938495e-02   3.1570436e+01
  5.1882930e-02   2.3311608e+01
  5.6708130e-02   1.6987835e+01
  6.1628458e-02   1.3326787e+01
  6.6941402e-02   1.0189612e+01
  7.2080259e-02   8.1858176e+00
  7.6940452e-02   6.6878539e+00
  8.2050626e-02   5.4948634e+00
  8.6947257e-02   4.6741838e+00
  9.2055923e-02   4.0225296e+00
  9.7101346e-02   3.4871995e+00
  1.0193919e-01   3.0935492e+00
  1.0713223e-01   2.7971106e+00
  1.1210916e-01   2.4280007e+00
  1.1693242e-01   2.2659923e+00
  1.2182575e-01   2.0125039e+00
  1.2695388e-01   1.9318437e+00
  1.3223922e-01   1.7426800e+00
  1.3719237e-01   1.5944744e+00
  1.4203187e-01   1.4828421e+00
  1.4699084e-01   1.3900173e+00
  1.5196609e-01   1.2997892e+00
  1.5711038e-01   1.2203430e+00
  1.6214458e-01   1.1987045e+00
  1.6723205e-01   1.0521353e+00
  1.7228499e-01   1.0256335e+00
  1.7714755e-01   9.7304588e-01
  1.8206082e-01   8.8941121e-01
  1.8699206e-01   8.9285886e-01
  1.9221504e-01   8.0645016e-01
  1.9728973e-01   7.8353807e-01
  2.0204019e-01   7.5528077e-01
  2.0702274e-01   7.0927406e-01
  2.1209304e-01   6.6907806e-01
  2.1722515e-01   6.3379022e-01
  2.2229203e-01   6.1492484e-01
  2.2716897e-01   5.8861104e-01
  2.3208621e-01   5.4741940e-01
  2.3706324e-01   5.3925434e-01
  2.4209630e-01   4.9453830e-01
  2.4708886e-01   4.9119802e-01
  2.5223849e-01   4.7495475e-01
  2.5732923e-01   4.4059679e-01
  2.6221185e-01   4.3357421e-01
  2.6715089e-01   3.9844881e-01
  2.7206913e-01   3.9670723e-01
  2.7719028e-01   3.6376858e-01
  2.8224737e-01   3.5955977e-01
  2.8723902e-01   3.5098996e-01
  2.9220417e-01   3.2893903e-01
  2.9713400e-01   3.1857204e-01
  3.0216522e-01   2.9963447e-01
  3.0723428e-01   3.0430299e-01
  3.1227901e-01   2.8016501e-01
  3.1725066e-01   2.6922266e-01
  3.2215775e-01   2.6629473e-01
  3.2719516e-01   2.4981890e-01
  3.3219206e-01   2.4533808e-01
  3.3719196e-01   2.3322282e-01
  3.4226898e-01   2.2635967e-01
  3.4724764e-01   2.2347545e-01
  3.5215670e-01   2.1099252e-01
  3.5706391e-01   2.0885510e-01
  3.6213505e-01   1.9941382e-01
  3.6723354e-01   1.9509378e-01
  3.7225891e-01   1.8727404e-01
  3.7722627e-01   1.8244205e-01
  3.8224487e-01   1.7677493e-01
  3.8733654e-01   1.7119568e-01
  3.9226576e-01   1.6968263e-01
  3.9717060e-01   1.6388633e-01
  4.0221212e-01   1.5938997e-01
  4.0721746e-01   1.5709087e-01
  4.1225207e-01   1.5245535e-01
  4.1722273e-01   1.5057996e-01
  4.2219228e-01   1.4673892e-01
  4.2724000e-01   1.4402356e-01
  4.3231121e-01   1.4170821e-01
  4.3730787e-01   1.3917904e-01
  4.4217411e-01   1.3785571e-01
  4.4723304e-01   1.3491326e-01
  4.5233047e-01   1.3383543e-01
  4.5728741e-01   1.3299635e-01
  4.6224142e-01   1.3103940e-01
  4.6723469e-01   1.2914504e-01
  4.7227266e-01   1.2879575e-01
  4.7724018e-01   1.2744547e-01
  4.8216001e-01   1.2704144e-01
  4.8721088e-01   1.2605631e-01
  4.9224994e-01   1.2609417e-01
  4.9727019e-01   1.2551758e-01
  5.0230602e-01   1.2562661e-01
  5.0740078e-01   1.2484043e-01
  5.1249775e-01   1.2470628e-01
  5.1741244e-01   1.2470635e-01
  5.2234742e-01   1.2534059e-01
  5.2730901e-01   1.2494468e-01
  5.3233009e-01   1.2506483e-01
  5.3747281e-01   1.2491213e-01
  5.4242782e-01   1.2498545e-01
  5.4731972e-01   1.2421813e-01
  5.5232898e-01   1.2468812e-01
  5.5733483e-01   1.2429701e-01
  5.6234468e-01   1.2366744e-01
  5.6741369e-01   1.2439777e-01
  5.7243211e-01   1.2482844e-01
  5.7743378e-01   1.2403671e-01
  5.8231555e-01   1.2345134e-01
  5.8728631e-01   1.2320722e-01
  5.9237195e-01   1.2554596e-01
  5.9739156e-01   1.2359076e-01
  6.0242814e-01   1.2285754e-01
  6.0733831e-01   1.2520636e-01
  6.1216534e-01   1.2499870e-01
  6.1730342e-01   1.2429864e-01
  6.2247235e-01   1.2473303e-01
  6.2754964e-01   1.2322440e-01
  6.3248637e-01   1.2442201e-01
  6.3733464e-01   1.2467802e-01
  6.4237696e-01   1.2357614e-01
  6.4746340e-01   1.2515688e-01
  6.5252716e-01   1.2336822e-01
  6.5754505e-01   1.2266671e-01
  6.6253670e-01   1.2260844e-01
  6.6735920e-01   1.2269574e-01
  6.7206764e-01   1.2529925e-01
  6.7718157e-01   1.2281306e-01
  6.8251372e-01   1.2656156e-01
  6.8760067e-01   1.2404968e-01
  6.9301876e-01   1.2174025e-01
  6.9653308e-01   1.2281288e-01
  7.0122909e-01   1.2298350e-01
  7.0710678e-01   1.3767654e-01
