  0.0000000e+00   9.9098809e-13
  6.0355339e-03   1.4596701e-02
  1.1625704e-02   2.5525466e-02
  1.6535658e-02   4.0606431e-02
  2.1194270e-02   5.8516286e-02
  2.6643563e-02   9.0831059e-02
  3.1687384e-02   1.2925021e-01
  3.6686531e-02   1.7035860e-01
  4.1931406e-02   2.2512996e-01
  4.6938495e-02   2.8611700e-01
  5.1882930e-02   3.5969254e-01
  5.6708130e-02   4.4298399e-01
  6.1628458e-02   5.3399227e-01
  6.6941402e-02   6.4580647e-01
  7.2080259e-02   7.6301218e-01
  7.6940452e-02   8.9751916e-01
  8.2050626e-02   1.0434457e+00
  8.6947257e-02   1.1895383e+00
  9.2055923e-02   1.3701200e+00
  9.7101346e-02   1.5264152e+00
  1.0193919e-01   1.7245320e+00
  1.0713223e-01   1.9313793e+00
  1.1210916e-01   2.1212396e+00
  1.1693242e-01   2.3201378e+00
  1.2182575e-01   2.5664909e+00
  1.2695388e-01   2.7699032e+00
  1.3223922e-01   2.9799313e+00
  1.3719237e-01   3.1696340e+00
  1.4203187e-01   3.4072269e+00
  1.4699084e-01   3.5580668e+00
  1.5196609e-01   3.7989635e+00
  1.5711038e-01   3.9380413e+00
  1.6214458e-01   4.1161820e+00
  1.6723205e-01   4.2103642e+00
  1.7228499e-01   4.3688352e+00
  1.7714755e-01   4.5060094e+00
  1.8206082e-01   4.6013498e+00
  1.8699206e-01   4.6879375e+00
  1.9221504e-01   4.7563993e+00
  1.9728973e-01   4.7795614e+00
  2.0204019e-01   4.8056992e+00
  2.0702274e-01   4.8327705e+00
  2.1209304e-01   4.8227674e+00
  2.1722515e-01   4.8032318e+00
  2.2229203e-01   4.7871070e+00
  2.2716897e-01   4.7498952e+00
  2.3208621e-01   4.6774220e+00
  2.3706324e-01   4.6275441e+00
  2.4209630e-01   4.6105748e+00
  2.4708886e-01   4.4979133e+00
  2.5223849e-01   4.4053099e+00
  2.5732923e-01   4.3220209e+00
  2.6221185e-01   4.2201968e+00
  2.6715089e-01   4.1270292e+00
  2.7206913e-01   3.9987074e+00
  2.7719028e-01   3.8689897e+00
  2.8224737e-01   3.7655417e+00
  2.8723902e-01   3.6215722e+00
  2.9220417e-01   3.5507370e+00
  2.9713400e-01   3.4200496e+00
  3.0216522e-01   3.2999658e+00
  3.0723428e-01   3.1779301e+00
  3.1227901e-01   3.0586500e+00
  3.1725066e-01   2.9432609e+00
  3.2215775e-01   2.8451280e+00
  3.2719516e-01   2.7430638e+00
  3.3219206e-01   2.5875876e+00
  3.3719196e-01   2.4978752e+00
  3.4226898e-01   2.3959260e+00
  3.4724764e-01   2.2860968e+00
  3.5215670e-01   2.1904427e+00
  3.5706391e-01   2.0856057e+00
  3.6213505e-01   2.0030326e+00
  3.6723354e-01   1.8934066e+00
  3.7225891e-01   1.8038230e+00
  3.7722627e-01   1.7208156e+00
  3.8224487e-01   1.6453442e+00
  3.8733654e-01   1.5561411e+00
  3.9226576e-01   1.4858552e+00
  3.9717060e-01   1.4057611e+00
  4.0221212e-01   1.3377627e+00
  4.0721746e-01   1.2696928e+00
  4.1225207e-01   1.1990741e+00
  4.1722273e-01   1.1376543e+00
  4.2219228e-01   1.0708296e+00
  4.2724000e-01   1.0149123e+00
  4.3231121e-01   9.5586208e-01
  4.3730787e-01   9.0682049e-01
  4.4217411e-01   8.5266227e-01
  4.4723304e-01   8.0573678e-01
  4.5233047e-01   7.6019203e-01
  4.5728741e-01   7.1638897e-01
  4.6224142e-01   6.7446547e-01
  4.6723469e-01   6.3687118e-01
  4.7227266e-01   5.9805634e-01
  4.7724018e-01   5.6432808e-01
  4.8216001e-01   5.3398211e-01
  4.8721088e-01   4.9730376e-01
  4.9224994e-01   4.6627825e-01
  4.9727019e-01   4.3842035e-01
  5.0230602e-01   4.1097980e-01
  5.0740078e-01   3.8481077e-01
  5.1249775e-01   3.5910347e-01
  5.1741244e-01   3.3777067e-01
  5.2234742e-01   3.1578275e-01
  5.2730901e-01   2.9507213e-01
  5.3233009e-01   2.7798169e-01
  5.3747281e-01   2.5769426e-01
  5.4242782e-01   2.4135489e-01
  5.4731972e-01   2.2709705e-01
  5.5232898e-01   2.1243532e-01
  5.5733483e-01   1.9787997e-01
  5.6234468e-01   1.8518476e-01
  5.6741369e-01   1.7280960e-01
  5.7243211e-01   1.6116730e-01
  5.7743378e-01   1.5017444e-01
  5.8231555e-01   1.4021795e-01
  5.8728631e-01   1.3058707e-01
  5.9237195e-01   1.2231998e-01
  5.9739156e-01   1.1439318e-01
  6.0242814e-01   1.0704562e-01
  6.0733831e-01   9.9779320e-02
  6.1216534e-01   9.2232540e-02
  6.1730342e-01   8.5750846e-02
  6.2247235e-01   7.8758079e-02
  6.2754964e-01   7.3809378e-02
  6.3248637e-01   6.8321969e-02
  6.3733464e-01   6.4598592e-02
  6.4237696e-01   5.9563963e-02
  6.4746340e-01   5.4984853e-02
  6.5252716e-01   5.1061286e-02
  6.5754505e-01   4.7158784e-02
  6.6253670e-01   4.4368534e-02
  6.6735920e-01   4.0974463e-02
  6.7206764e-01   3.8811899e-02
  6.7718157e-01   3.4928907e-02
  6.8251372e-01   3.2161848e-02
  6.8760067e-01   3.0395582e-02
  6.9301876e-01   2.8077533e-02
  6.9653308e-01   2.5965842e-02
  7.0122909e-01   2.4688885e-02
  7.0710678e-01   2.0612730e-02
