  0.0000000e+00   6.7582244e+06
  6.0355339e-03   5.7856478e+04
  1.1625704e-02   1.1615831e+04
  1.6535658e-02   7.1172164e+03
  2.1194270e-02   5.6715509e+03
  2.6643563e-02   3.5953484e+03
  3.1687384e-02   3.8962138e+03
  3.6686531e-02   2.7653413e+03
  4.1931406e-02   2.4756256e+03
  4.6938495e-02   2.4520624e+03
  5.1882930e-02   1.9733997e+03
  5.6708130e-02   2.0366389e+03
  6.1628458e-02   1.6543400e+03
  6.6941402e-02   1.4204917e+03
  7.2080259e-02   1.4885376e+03
  7.6940452e-02   1.3207796e+03
  8.2050626e-02   1.2620440e+03
  8.6947257e-02   1.1894662e+03
  9.2055923e-02   1.0795039e+03
  9.7101346e-02   1.0932975e+03
  1.0193919e-01   1.0281164e+03
  1.0713223e-01   8.2503848e+02
  1.1210916e-01   8.6796077e+02
  1.1693242e-01   8.5228597e+02
  1.2182575e-01   7.7145505e+02
  1.2695388e-01   6.8747061e+02
  1.3223922e-01   6.6500197e+02
  1.3719237e-01   6.8642923e+02
  1.4203187e-01   6.7214709e+02
  1.4699084e-01   5.6311484e+02
  1.5196609e-01   5.7046425e+02
  1.5711038e-01   5.1605536e+02
  1.6214458e-01   5.1776586e+02
  1.6723205e-01   4.8860853e+02
  1.7228499e-01   4.6811744e+02
  1.7714755e-01   4.8008348e+02
  1.8206082e-01   4.1034108e+02
  1.8699206e-01   4.1965862e+02
  1.9221504e-01   3.6567234e+02
  1.9728973e-01   3.7586893e+02
  2.0204019e-01   3.8825213e+02
  2.0702274e-01   3.2785347e+02
  2.1209304e-01   3.2448069e+02
  2.1722515e-01   2.8828898e+02
  2.2229203e-01   3.0157483e+02
  2.2716897e-01   2.9693916e+02
  2.3208621e-01   2.6033302e+02
  2.3706324e-01   2.5659186e+02
  2.4209630e-01   2.3588022e+02
  2.4708886e-01   2.3032861e+02
  2.5223849e-01   2.0742813e+02
  2.5732923e-01   2.0843915e+02
  2.6221185e-01   2.0086776e+02
  2.6715089e-01   1.8377431e+02
  2.7206913e-01   1.8124319e+02
  2.7719028e-01   1.5514197e+02
  2.8224737e-01   1.5947403e+02
  2.8723902e-01   1.7285791e+02
  2.9220417e-01   1.4011146e+02
  2.9713400e-01   1.1621179e+02
  3.0216522e-01   1.2535295e+02
  3.0723428e-01   1.1674128e+02
  3.1227901e-01   1.1250618e+02
  3.1725066e-01   9.9492970e+01
  3.2215775e-01   1.0153903e+02
  3.2719516e-01   8.5941256e+01
  3.3219206e-01   8.5063369e+01
  3.3719196e-01   7.7232842e+01
  3.4226898e-01   7.1541753e+01
  3.4724764e-01   7.0426435e+01
  3.5215670e-01   6.0736079e+01
  3.5706391e-01   6.0993974e+01
  3.6213505e-01   5.0711973e+01
  3.6723354e-01   4.8840082e+01
  3.7225891e-01   4.4475412e+01
  3.7722627e-01   4.0974337e+01
  3.8224487e-01   3.7736694e+01
  3.8733654e-01   3.2917091e+01
  3.9226576e-01   3.2574757e+01
  3.9717060e-01   2.7327170e+01
  4.0221212e-01   2.3879273e+01
  4.0721746e-01   2.2859436e+01
  4.1225207e-01   2.0146581e+01
  4.1722273e-01   1.9008052e+01
  4.2219228e-01   1.5805804e+01
  4.2724000e-01   1.3646627e+01
  4.3231121e-01   1.1927975e+01
  4.3730787e-01   1.0252547e+01
  4.4217411e-01   9.0604093e+00
  4.4723304e-01   6.7412116e+00
  4.5233047e-01   6.3884097e+00
  4.5728741e-01   5.3356489e+00
  4.6224142e-01   4.0843455e+00
  4.6723469e-01   3.3947485e+00
  4.7227266e-01   2.4838760e+00
  4.7724018e-01   2.0037600e+00
  4.8216001e-01   1.4866369e+00
  4.8721088e-01   1.0500347e+00
  4.9224994e-01   8.1685806e-01
  4.9727019e-01   6.5639290e-01
  5.0230602e-01   4.3542238e-01
  5.0740078e-01   1.6136632e-01
  5.1249775e-01   1.5673980e-01
  5.1741244e-01   1.5414487e-01
  5.2234742e-01   1.5228429e-01
  5.2730901e-01   1.4898686e-01
  5.3233009e-01   1.4790004e-01
  5.3747281e-01   1.4520097e-01
  5.4242782e-01   1.4437787e-01
  5.4731972e-01   1.4107908e-01
  5.5232898e-01   1.3886997e-01
  5.5733483e-01   1.3916856e-01
  5.6234468e-01   1.3622321e-01
  5.6741369e-01   1.3617508e-01
  5.7243211e-01   1.3537494e-01
  5.7743378e-01   1.3379486e-01
  5.8231555e-01   1.3273399e-01
  5.8728631e-01   1.3147984e-01
  5.9237195e-01   1.3334361e-01
  5.9739156e-01   1.3104203e-01
  6.0242814e-01   1.3003949e-01
  6.0733831e-01   1.3144342e-01
  6.1216534e-01   1.3084996e-01
  6.1730342e-01   1.3010139e-01
  6.2247235e-01   1.2969569e-01
  6.2754964e-01   1.2848475e-01
  6.3248637e-01   1.2894451e-01
  6.3733464e-01   1.2905531e-01
  6.4237696e-01   1.2796333e-01
  6.4746340e-01   1.2980521e-01
  6.5252716e-01   1.2824334e-01
  6.5754505e-01   1.2648157e-01
  6.6253670e-01   1.2651685e-01
  6.6735920e-01   1.2669291e-01
  6.7206764e-01   1.3037642e-01
  6.7718157e-01   1.2708472e-01
  6.8251372e-01   1.3137937e-01
  6.8760067e-01   1.2784061e-01
  6.9301876e-01   1.2598427e-01
  6.9653308e-01   1.2740422e-01
  7.0122909e-01   1.2650389e-01
  7.0710678e-01   1.4063136e-01
