  0.0000000e+00   3.8892980e+03
  6.0355339e-03   1.0572579e+03
  1.1625704e-02   5.5165945e+02
  1.6535658e-02   4.0489707e+02
  2.1194270e-02   3.8223760e+02
  2.6643563e-02   2.7802921e+02
  3.1687384e-02   3.0633730e+02
  3.6686531e-02   2.5719666e+02
  4.1931406e-02   2.2801108e+02
  4.6938495e-02   2.1368396e+02
  5.1882930e-02   1.9776277e+02
  5.6708130e-02   2.5366689e+02
  6.1628458e-02   2.1459980e+02
  6.6941402e-02   2.0691525e+02
  7.2080259e-02   2.3251879e+02
  7.6940452e-02   2.3759951e+02
  8.2050626e-02   2.1359432e+02
  8.6947257e-02   2.6115517e+02
  9.2055923e-02   2.2221531e+02
  9.7101346e-02   2.4212825e+02
  1.0193919e-01   2.3328208e+02
  1.0713223e-01   2.4055228e+02
  1.1210916e-01   2.5505657e+02
  1.1693242e-01   2.5431395e+02
  1.2182575e-01   2.6228210e+02
  1.2695388e-01   2.6227543e+02
  1.3223922e-01   2.6478497e+02
  1.3719237e-01   2.4129357e+02
  1.4203187e-01   4.4026455e+02
  1.4699084e-01   1.4256199e+01
  1.5196609e-01   1.8261285e+02
  1.5711038e-01   1.5588496e+02
  1.6214458e-01   1.5562656e+02
  1.6723205e-01   1.2978256e+02
  1.7228499e-01   1.2040513e+02
  1.7714755e-01   1.1785212e+02
  1.8206082e-01   1.1766226e+02
  1.8699206e-01   1.0945445e+02
  1.9221504e-01   8.0229381e+01
  1.9728973e-01   8.8050447e+01
  2.0204019e-01   8.1025645e+01
  2.0702274e-01   7.5048071e+01
  2.1209304e-01   6.4554665e+01
  2.1722515e-01   6.0880271e+01
  2.2229203e-01   5.7888613e+01
  2.2716897e-01   5.5130828e+01
  2.3208621e-01   5.0075761e+01
  2.3706324e-01   4.9282999e+01
  2.4209630e-01   4.8518832e+01
  2.4708886e-01   4.4748460e+01
  2.5223849e-01   4.4727606e+01
  2.5732923e-01   4.2146594e+01
  2.6221185e-01   4.2417119e+01
  2.6715089e-01   3.8581881e+01
  2.7206913e-01   3.7316454e+01
  2.7719028e-01   3.3316316e+01
  2.8224737e-01   2.9613909e+01
  2.8723902e-01   5.2196619e+01
  2.9220417e-01   2.7797282e+01
  2.9713400e-01   7.8241300e+00
  3.0216522e-01   2.5866976e+01
  3.0723428e-01   2.4030926e+01
  3.1227901e-01   2.1638496e+01
  3.1725066e-01   2.0184000e+01
  3.2215775e-01   1.9702388e+01
  3.2719516e-01   1.9814206e+01
  3.3219206e-01   1.9255792e+01
  3.3719196e-01   1.8164733e+01
  3.4226898e-01   1.6316593e+01
  3.4724764e-01   1.9073865e+01
  3.5215670e-01   1.6608629e+01
  3.5706391e-01   1.6787559e+01
  3.6213505e-01   1.4344067e+01
  3.6723354e-01   1.4007766e+01
  3.7225891e-01   1.4526560e+01
  3.7722627e-01   1.3730126e+01
  3.8224487e-01   1.3697403e+01
  3.8733654e-01   1.2401082e+01
  3.9226576e-01   1.3591497e+01
  3.9717060e-01   1.2169587e+01
  4.0221212e-01   1.1510411e+01
  4.0721746e-01   1.1833500e+01
  4.1225207e-01   1.1258846e+01
  4.1722273e-01   1.1162907e+01
  4.2219228e-01   1.1430757e+01
  4.2724000e-01   9.8260250e+00
  4.3231121e-01   9.8747934e+00
  4.3730787e-01   9.7938787e+00
  4.4217411e-01   9.1408027e+00
  4.4723304e-01   8.0388079e+00
  4.5233047e-01   9.0141020e+00
  4.5728741e-01   8.7686890e+00
  4.6224142e-01   9.3477598e+00
  4.6723469e-01   9.1647940e+00
  4.7227266e-01   8.0725006e+00
  4.7724018e-01   8.2728689e+00
  4.8216001e-01   8.3924564e+00
  4.8721088e-01   7.7299906e+00
  4.9224994e-01   7.7965587e+00
  4.9727019e-01   7.6768049e+00
  5.0230602e-01   4.8749242e+00
  5.0740078e-01   3.5278777e-01
  5.1249775e-01   3.2580665e-01
  5.1741244e-01   3.0708832e-01
  5.2234742e-01   2.9112601e-01
  5.2730901e-01   2.8336270e-01
  5.3233009e-01   2.6899564e-01
  5.3747281e-01   2.6370617e-01
  5.4242782e-01   2.5513576e-01
  5.4731972e-01   2.4770406e-01
  5.5232898e-01   2.4792127e-01
  5.5733483e-01   2.3794521e-01
  5.6234468e-01   2.3532536e-01
  5.6741369e-01   2.3088456e-01
  5.7243211e-01   2.2892966e-01
  5.7743378e-01   2.2738646e-01
  5.8231555e-01   2.1974810e-01
  5.8728631e-01   2.2092154e-01
  5.9237195e-01   2.1752243e-01
  5.9739156e-01   2.1615111e-01
  6.0242814e-01   2.1450988e-01
  6.0733831e-01   2.1447521e-01
  6.1216534e-01   2.1236676e-01
  6.1730342e-01   2.0993172e-01
  6.2247235e-01   2.0987637e-01
  6.2754964e-01   2.0390360e-01
  6.3248637e-01   2.0344241e-01
  6.3733464e-01   2.0546971e-01
  6.4237696e-01   2.0237249e-01
  6.4746340e-01   2.0506974e-01
  6.5252716e-01   2.0319959e-01
  6.5754505e-01   1.9613028e-01
  6.6253670e-01   1.9662173e-01
  6.6735920e-01   1.9829315e-01
  6.7206764e-01   2.0546197e-01
  6.7718157e-01   1.9461717e-01
  6.8251372e-01   2.0332249e-01
  6.8760067e-01   1.9603324e-01
  6.9301876e-01   1.9057261e-01
  6.9653308e-01   1.9503225e-01
  7.0122909e-01   1.8968087e-01
  7.0710678e-01   2.0382388e-01
