  0.0000000e+00   1.5404628e+05
  6.0355339e-03   2.9338177e+04
  1.1625704e-02   7.8178268e+03
  1.6535658e-02   3.7546579e+03
  2.1194270e-02   2.2163281e+03
  2.6643563e-02   1.4431753e+03
  3.1687384e-02   1.0331511e+03
  3.6686531e-02   7.5528204e+02
  4.1931406e-02   5.7499138e+02
  4.6938495e-02   4.5222560e+02
  5.1882930e-02   3.7279479e+02
  5.6708130e-02   3.0854794e+02
  6.1628458e-02   2.6226480e+02
  6.6941402e-02   2.1860635e+02
  7.2080259e-02   1.8645418e+02
  7.6940452e-02   1.6432877e+02
  8.2050626e-02   1.4275772e+02
  8.6947257e-02   1.2553766e+02
  9.2055923e-02   1.1134169e+02
  9.7101346e-02   9.8282235e+01
  1.0193919e-01   8.9304654e+01
  1.0713223e-01   8.0237223e+01
  1.1210916e-01   7.1742516e+01
  1.1693242e-01   6.5170203e+01
  1.2182575e-01   6.0649790e+01
  1.2695388e-01   5.4683198e+01
  1.3223922e-01   4.9746487e+01
  1.3719237e-01   4.5252005e+01
  1.4203187e-01   4.2030976e+01
  1.4699084e-01   3.8841350e+01
  1.5196609e-01   3.6111682e+01
  1.5711038e-01   3.3050372e+01
  1.6214458e-01   3.0528513e+01
  1.6723205e-01   2.8121390e+01
  1.7228499e-01   2.6139987e+01
  1.7714755e-01   2.4426915e+01
  1.8206082e-01   2.2864638e+01
  1.8699206e-01   2.1285900e+01
  1.9221504e-01   1.9862450e+01
  1.9728973e-01   1.8381495e+01
  2.0204019e-01   1.7257903e+01
  2.0702274e-01   1.6129043e+01
  2.1209304e-01   1.5079912e+01
  2.1722515e-01   1.4037124e+01
  2.2229203e-01   1.3219157e+01
  2.2716897e-01   1.2390207e+01
  2.3208621e-01   1.1571592e+01
  2.3706324e-01   1.0909770e+01
  2.4209630e-01   1.0310797e+01
  2.4708886e-01   9.6665769e+00
  2.5223849e-01   9.0485766e+00
  2.5732923e-01   8.5076553e+00
  2.6221185e-01   8.0219863e+00
  2.6715089e-01   7.5179252e+00
  2.7206913e-01   7.0744885e+00
  2.7719028e-01   6.6060960e+00
  2.8224737e-01   6.2427179e+00
  2.8723902e-01   5.8398209e+00
  2.9220417e-01   5.5504957e+00
  2.9713400e-01   5.2248848e+00
  3.0216522e-01   4.8872508e+00
  3.0723428e-01   4.6217516e+00
  3.1227901e-01   4.3374777e+00
  3.1725066e-01   4.0813443e+00
  3.2215775e-01   3.8715902e+00
  3.2719516e-01   3.6516223e+00
  3.3219206e-01   3.3918593e+00
  3.3719196e-01   3.2032894e+00
  3.4226898e-01   3.0351213e+00
  3.4724764e-01   2.8509229e+00
  3.5215670e-01   2.6845759e+00
  3.5706391e-01   2.5280216e+00
  3.6213505e-01   2.3883446e+00
  3.6723354e-01   2.2322854e+00
  3.7225891e-01   2.1008780e+00
  3.7722627e-01   1.9818415e+00
  3.8224487e-01   1.8755888e+00
  3.8733654e-01   1.7514325e+00
  3.9226576e-01   1.6600098e+00
  3.9717060e-01   1.5561811e+00
  4.0221212e-01   1.4685304e+00
  4.0721746e-01   1.3832113e+00
  4.1225207e-01   1.2960310e+00
  4.1722273e-01   1.2221885e+00
  4.2219228e-01   1.1434002e+00
  4.2724000e-01   1.0767858e+00
  4.3231121e-01   1.0082627e+00
  4.3730787e-01   9.5089927e-01
  4.4217411e-01   8.9032272e-01
  4.4723304e-01   8.3757026e-01
  4.5233047e-01   7.8619136e-01
  4.5728741e-01   7.3866362e-01
  4.6224142e-01   6.9272064e-01
  4.6723469e-01   6.5218152e-01
  4.7227266e-01   6.1084130e-01
  4.7724018e-01   5.7541930e-01
  4.8216001e-01   5.4352978e-01
  4.8721088e-01   5.0545702e-01
  4.9224994e-01   4.7325734e-01
  4.9727019e-01   4.4406838e-01
  5.0230602e-01   4.1585881e-01
  5.0740078e-01   3.9000964e-01
  5.1249775e-01   3.6323568e-01
  5.1741244e-01   3.4181456e-01
  5.2234742e-01   3.1944803e-01
  5.2730901e-01   2.9812286e-01
  5.3233009e-01   2.8088334e-01
  5.3747281e-01   2.6036925e-01
  5.4242782e-01   2.4403788e-01
  5.4731972e-01   2.2910623e-01
  5.5232898e-01   2.1424281e-01
  5.5733483e-01   1.9978911e-01
  5.6234468e-01   1.8694259e-01
  5.6741369e-01   1.7433075e-01
  5.7243211e-01   1.6271465e-01
  5.7743378e-01   1.5157166e-01
  5.8231555e-01   1.4134295e-01
  5.8728631e-01   1.3175369e-01
  5.9237195e-01   1.2328285e-01
  5.9739156e-01   1.1542165e-01
  6.0242814e-01   1.0811828e-01
  6.0733831e-01   1.0062131e-01
  6.1216534e-01   9.3088906e-02
  6.1730342e-01   8.6378805e-02
  6.2247235e-01   7.9467956e-02
  6.2754964e-01   7.4280278e-02
  6.3248637e-01   6.8785533e-02
  6.3733464e-01   6.5079460e-02
  6.4237696e-01   6.0045865e-02
  6.4746340e-01   5.5498919e-02
  6.5252716e-01   5.1531750e-02
  6.5754505e-01   4.7570954e-02
  6.6253670e-01   4.4629678e-02
  6.6735920e-01   4.1327404e-02
  6.7206764e-01   3.9141109e-02
  6.7718157e-01   3.5200980e-02
  6.8251372e-01   3.2481766e-02
  6.8760067e-01   3.0647387e-02
  6.9301876e-01   2.8397965e-02
  6.9653308e-01   2.6274503e-02
  7.0122909e-01   2.5041978e-02
  7.0710678e-01   2.0670338e-02
