  0.0000000e+00   1.0053050e+11
  6.0355339e-03   1.2254814e+03
  1.1625704e-02   2.8494443e+02
  1.6535658e-02   1.2703164e+02
  2.1194270e-02   8.2469736e+01
  2.6643563e-02   5.2795250e+01
  3.1687384e-02   3.6843398e+01
  3.6686531e-02   2.6112092e+01
  4.1931406e-02   1.9582097e+01
  4.6938495e-02   1.4770577e+01
  5.1882930e-02   1.1634718e+01
  5.6708130e-02   9.1587208e+00
  6.1628458e-02   7.3885958e+00
  6.6941402e-02   5.8601224e+00
  7.2080259e-02   4.8664980e+00
  7.6940452e-02   4.0169579e+00
  8.2050626e-02   3.2772681e+00
  8.6947257e-02   2.8103898e+00
  9.2055923e-02   2.3208708e+00
  9.7101346e-02   2.0451017e+00
  1.0193919e-01   1.7542249e+00
  1.0713223e-01   1.5197142e+00
  1.1210916e-01   1.3285571e+00
  1.1693242e-01   1.1759941e+00
  1.2182575e-01   1.0514302e+00
  1.2695388e-01   9.3513051e-01
  1.3223922e-01   8.2980988e-01
  1.3719237e-01   7.5453837e-01
  1.4203187e-01   6.8714297e-01
  1.4699084e-01   6.3946568e-01
  1.5196609e-01   5.8148227e-01
  1.5711038e-01   5.3846070e-01
  1.6214458e-01   4.9825334e-01
  1.6723205e-01   4.6708394e-01
  1.7228499e-01   4.4199938e-01
  1.7714755e-01   4.0869421e-01
  1.8206082e-01   3.8913716e-01
  1.8699206e-01   3.6682671e-01
  1.9221504e-01   3.5306404e-01
  1.9728973e-01   3.3124146e-01
  2.0204019e-01   3.1716183e-01
  2.0702274e-01   3.0033962e-01
  2.1209304e-01   2.9233240e-01
  2.1722515e-01   2.8054287e-01
  2.2229203e-01   2.7040583e-01
  2.2716897e-01   2.6001622e-01
  2.3208621e-01   2.5001014e-01
  2.3706324e-01   2.4659731e-01
  2.4209630e-01   2.3563822e-01
  2.4708886e-01   2.2964824e-01
  2.5223849e-01   2.2249609e-01
  2.5732923e-01   2.1572822e-01
  2.6221185e-01   2.1204751e-01
  2.6715089e-01   2.0431029e-01
  2.7206913e-01   2.0076816e-01
  2.7719028e-01   1.9597774e-01
  2.8224737e-01   1.9207304e-01
  2.8723902e-01   1.8886522e-01
  2.9220417e-01   1.8408605e-01
  2.9713400e-01   1.8070200e-01
  3.0216522e-01   1.7528012e-01
  3.0723428e-01   1.7459385e-01
  3.1227901e-01   1.7013376e-01
  3.1725066e-01   1.6737957e-01
  3.2215775e-01   1.6523965e-01
  3.2719516e-01   1.6178750e-01
  3.3219206e-01   1.6020044e-01
  3.3719196e-01   1.5811704e-01
  3.4226898e-01   1.5643468e-01
  3.4724764e-01   1.5393833e-01
  3.5215670e-01   1.5130941e-01
  3.5706391e-01   1.5055108e-01
  3.6213505e-01   1.4791311e-01
  3.6723354e-01   1.4745282e-01
  3.7225891e-01   1.4465847e-01
  3.7722627e-01   1.4339227e-01
  3.8224487e-01   1.4235807e-01
  3.8733654e-01   1.4147719e-01
  3.9226576e-01   1.4028245e-01
  3.9717060e-01   1.3959666e-01
  4.0221212e-01   1.3792458e-01
  4.0721746e-01   1.3766800e-01
  4.1225207e-01   1.3570113e-01
  4.1722273e-01   1.3552687e-01
  4.2219228e-01   1.3471862e-01
  4.2724000e-01   1.3334706e-01
  4.3231121e-01   1.3313409e-01
  4.3730787e-01   1.3242500e-01
  4.4217411e-01   1.3214645e-01
  4.4723304e-01   1.3135114e-01
  4.5233047e-01   1.3096146e-01
  4.5728741e-01   1.3124975e-01
  4.6224142e-01   1.3037674e-01
  4.6723469e-01   1.2931207e-01
  4.7227266e-01   1.2966752e-01
  4.7724018e-01   1.2892269e-01
  4.8216001e-01   1.2910710e-01
  4.8721088e-01   1.2854173e-01
  4.9224994e-01   1.2885070e-01
  4.9727019e-01   1.2853029e-01
  5.0230602e-01   1.2886462e-01
  5.0740078e-01   1.2832676e-01
  5.1249775e-01   1.2828263e-01
  5.1741244e-01   1.2833084e-01
  5.2234742e-01   1.2901360e-01
  5.2730901e-01   1.2860156e-01
  5.3233009e-01   1.2873771e-01
  5.3747281e-01   1.2859623e-01
  5.4242782e-01   1.2867917e-01
  5.4731972e-01   1.2786240e-01
  5.5232898e-01   1.2836572e-01
  5.5733483e-01   1.2796112e-01
  5.6234468e-01   1.2730872e-01
  5.6741369e-01   1.2809717e-01
  5.7243211e-01   1.2851405e-01
  5.7743378e-01   1.2769734e-01
  5.8231555e-01   1.2712140e-01
  5.8728631e-01   1.2683865e-01
  5.9237195e-01   1.2922785e-01
  5.9739156e-01   1.2724613e-01
  6.0242814e-01   1.2649880e-01
  6.0733831e-01   1.2893552e-01
  6.1216534e-01   1.2873310e-01
  6.1730342e-01   1.2797678e-01
  6.2247235e-01   1.2841908e-01
  6.2754964e-01   1.2685064e-01
  6.3248637e-01   1.2812406e-01
  6.3733464e-01   1.2840550e-01
  6.4237696e-01   1.2721382e-01
  6.4746340e-01   1.2886105e-01
  6.5252716e-01   1.2704958e-01
  6.5754505e-01   1.2627623e-01
  6.6253670e-01   1.2625379e-01
  6.6735920e-01   1.2630868e-01
  6.7206764e-01   1.2903380e-01
  6.7718157e-01   1.2647083e-01
  6.8251372e-01   1.3024286e-01
  6.8760067e-01   1.2776556e-01
  6.9301876e-01   1.2535433e-01
  6.9653308e-01   1.2646076e-01
  7.0122909e-01   1.2660979e-01
  7.0710678e-01   1.4156589e-01
