  0.0000000e+00   9.4230929e+12
  6.0355339e-03   1.1726532e+03
  1.1625704e-02   2.1692667e+02
  1.6535658e-02   8.4131171e+01
  2.1194270e-02   4.4063671e+01
  2.6643563e-02   2.5469328e+01
  3.1687384e-02   1.6148211e+01
  3.6686531e-02   1.1151597e+01
  4.1931406e-02   8.1133003e+00
  4.6938495e-02   6.1198058e+00
  5.1882930e-02   4.8208294e+00
  5.6708130e-02   3.8596184e+00
  6.1628458e-02   3.1381412e+00
  6.6941402e-02   2.5932416e+00
  7.2080259e-02   2.2089768e+00
  7.6940452e-02   1.8503929e+00
  8.2050626e-02   1.5997398e+00
  8.6947257e-02   1.3860084e+00
  9.2055923e-02   1.2240789e+00
  9.7101346e-02   1.0768264e+00
  1.0193919e-01   9.5779471e-01
  1.0713223e-01   8.4875610e-01
  1.1210916e-01   7.7964112e-01
  1.1693242e-01   6.9523099e-01
  1.2182575e-01   6.3601395e-01
  1.2695388e-01   5.8146273e-01
  1.3223922e-01   5.2625425e-01
  1.3719237e-01   4.9119039e-01
  1.4203187e-01   4.5789192e-01
  1.4699084e-01   4.3068595e-01
  1.5196609e-01   4.0017010e-01
  1.5711038e-01   3.7271351e-01
  1.6214458e-01   3.5333816e-01
  1.6723205e-01   3.3320677e-01
  1.7228499e-01   3.1869215e-01
  1.7714755e-01   2.9965687e-01
  1.8206082e-01   2.8716999e-01
  1.8699206e-01   2.7353800e-01
  1.9221504e-01   2.6242503e-01
  1.9728973e-01   2.5188357e-01
  2.0204019e-01   2.4257223e-01
  2.0702274e-01   2.3355037e-01
  2.1209304e-01   2.2560428e-01
  2.1722515e-01   2.1862186e-01
  2.2229203e-01   2.1209396e-01
  2.2716897e-01   2.0698046e-01
  2.3208621e-01   2.0017980e-01
  2.3706324e-01   1.9751518e-01
  2.4209630e-01   1.9238079e-01
  2.4708886e-01   1.8743415e-01
  2.5223849e-01   1.8324409e-01
  2.5732923e-01   1.7891709e-01
  2.6221185e-01   1.7702572e-01
  2.6715089e-01   1.7255765e-01
  2.7206913e-01   1.6915439e-01
  2.7719028e-01   1.6694726e-01
  2.8224737e-01   1.6500221e-01
  2.8723902e-01   1.6248679e-01
  2.9220417e-01   1.6103491e-01
  2.9713400e-01   1.5810609e-01
  3.0216522e-01   1.5483684e-01
  3.0723428e-01   1.5392043e-01
  3.1227901e-01   1.5144954e-01
  3.1725066e-01   1.5054123e-01
  3.2215775e-01   1.4857289e-01
  3.2719516e-01   1.4701952e-01
  3.3219206e-01   1.4618922e-01
  3.3719196e-01   1.4521219e-01
  3.4226898e-01   1.4369274e-01
  3.4724764e-01   1.4268985e-01
  3.5215670e-01   1.4087318e-01
  3.5706391e-01   1.4101532e-01
  3.6213505e-01   1.3924247e-01
  3.6723354e-01   1.3897336e-01
  3.7225891e-01   1.3706669e-01
  3.7722627e-01   1.3626321e-01
  3.8224487e-01   1.3567594e-01
  3.8733654e-01   1.3589124e-01
  3.9226576e-01   1.3484995e-01
  3.9717060e-01   1.3502859e-01
  4.0221212e-01   1.3332423e-01
  4.0721746e-01   1.3384813e-01
  4.1225207e-01   1.3205409e-01
  4.1722273e-01   1.3231596e-01
  4.2219228e-01   1.3192640e-01
  4.2724000e-01   1.3088283e-01
  4.3231121e-01   1.3081317e-01
  4.3730787e-01   1.3050642e-01
  4.4217411e-01   1.3024746e-01
  4.4723304e-01   1.2992733e-01
  4.5233047e-01   1.2957256e-01
  4.5728741e-01   1.3003850e-01
  4.6224142e-01   1.2939429e-01
  4.6723469e-01   1.2845120e-01
  4.7227266e-01   1.2896016e-01
  4.7724018e-01   1.2838076e-01
  4.8216001e-01   1.2865225e-01
  4.8721088e-01   1.2812201e-01
  4.9224994e-01   1.2850210e-01
  4.9727019e-01   1.2827692e-01
  5.0230602e-01   1.2862245e-01
  5.0740078e-01   1.2811664e-01
  5.1249775e-01   1.2809513e-01
  5.1741244e-01   1.2816172e-01
  5.2234742e-01   1.2888726e-01
  5.2730901e-01   1.2847418e-01
  5.3233009e-01   1.2864157e-01
  5.3747281e-01   1.2850265e-01
  5.4242782e-01   1.2858723e-01
  5.4731972e-01   1.2780140e-01
  5.5232898e-01   1.2829526e-01
  5.5733483e-01   1.2790410e-01
  5.6234468e-01   1.2724381e-01
  5.6741369e-01   1.2805137e-01
  5.7243211e-01   1.2846708e-01
  5.7743378e-01   1.2765085e-01
  5.8231555e-01   1.2708424e-01
  5.8728631e-01   1.2679177e-01
  5.9237195e-01   1.2918502e-01
  5.9739156e-01   1.2721143e-01
  6.0242814e-01   1.2646799e-01
  6.0733831e-01   1.2889595e-01
  6.1216534e-01   1.2869882e-01
  6.1730342e-01   1.2794373e-01
  6.2247235e-01   1.2838889e-01
  6.2754964e-01   1.2681631e-01
  6.3248637e-01   1.2809335e-01
  6.3733464e-01   1.2837872e-01
  6.4237696e-01   1.2718551e-01
  6.4746340e-01   1.2883605e-01
  6.5252716e-01   1.2703008e-01
  6.5754505e-01   1.2625294e-01
  6.6253670e-01   1.2623421e-01
  6.6735920e-01   1.2629024e-01
  6.7206764e-01   1.2902055e-01
  6.7718157e-01   1.2645907e-01
  6.8251372e-01   1.3023241e-01
  6.8760067e-01   1.2775079e-01
  6.9301876e-01   1.2533534e-01
  6.9653308e-01   1.2645975e-01
  7.0122909e-01   1.2657231e-01
  7.0710678e-01   1.4150125e-01
