  0.0000000e+00   4.9020341e-06
  6.0355339e-03   5.8262973e-01
  1.1625704e-02   9.0052929e-01
  1.6535658e-02   9.4519964e-01
  2.1194270e-02   9.5658125e-01
  2.6643563e-02   9.6192230e-01
  3.1687384e-02   9.6290346e-01
  3.6686531e-02   9.6499300e-01
  4.1931406e-02   9.6552030e-01
  4.6938495e-02   9.6558631e-01
  5.1882930e-02   9.6677867e-01
  5.6708130e-02   9.6704878e-01
  6.1628458e-02   9.6758696e-01
  6.6941402e-02   9.6803876e-01
  7.2080259e-02   9.6804630e-01
  7.6940452e-02   9.6859625e-01
  8.2050626e-02   9.6839856e-01
  8.6947257e-02   9.6894207e-01
  9.2055923e-02   9.6916061e-01
  9.7101346e-02   9.6933911e-01
  1.0193919e-01   9.6928378e-01
  1.0713223e-01   9.6957236e-01
  1.1210916e-01   9.6955321e-01
  1.1693242e-01   9.6958091e-01
  1.2182575e-01   9.6991506e-01
  1.2695388e-01   9.6966105e-01
  1.3223922e-01   9.6973662e-01
  1.3719237e-01   9.6981572e-01
  1.4203187e-01   9.6995920e-01
  1.4699084e-01   9.7042536e-01
  1.5196609e-01   9.7021357e-01
  1.5711038e-01   9.7031915e-01
  1.6214458e-01   9.7034608e-01
  1.6723205e-01   9.7041270e-01
  1.7228499e-01   9.7051854e-01
  1.7714755e-01   9.7032577e-01
  1.8206082e-01   9.7058856e-01
  1.8699206e-01   9.7048769e-01
  1.9221504e-01   9.7072738e-01
  1.9728973e-01   9.7057622e-01
  2.0204019e-01   9.7050488e-01
  2.0702274e-01   9.7078519e-01
  2.1209304e-01   9.7069612e-01
  2.1722515e-01   9.7073503e-01
  2.2229203e-01   9.7084307e-01
  2.2716897e-01   9.7081284e-01
  2.3208621e-01   9.7096294e-01
  2.3706324e-01   9.7076428e-01
  2.4209630e-01   9.7082107e-01
  2.4708886e-01   9.7089845e-01
  2.5223849e-01   9.7101999e-01
  2.5732923e-01   9.7076981e-01
  2.6221185e-01   9.7092270e-01
  2.6715089e-01   9.7088178e-01
  2.7206913e-01   9.7098876e-01
  2.7719028e-01   9.7098353e-01
  2.8224737e-01   9.7107765e-01
  2.8723902e-01   9.7102548e-01
  2.9220417e-01   9.7105709e-01
  2.9713400e-01   9.7111487e-01
  3.0216522e-01   9.7105778e-01
  3.0723428e-01   9.7105446e-01
  3.1227901e-01   9.7107450e-01
  3.1725066e-01   9.7118988e-01
  3.2215775e-01   9.7115296e-01
  3.2719516e-01   9.7094828e-01
  3.3219206e-01   9.7117531e-01
  3.3719196e-01   9.7114273e-01
  3.4226898e-01   9.7108382e-01
  3.4724764e-01   9.7109115e-01
  3.5215670e-01   9.7126112e-01
  3.5706391e-01   9.7110741e-01
  3.6213505e-01   9.7110668e-01
  3.6723354e-01   9.7108896e-01
  3.7225891e-01   9.7119252e-01
  3.7722627e-01   9.7123468e-01
  3.8224487e-01   9.7105512e-01
  3.8733654e-01   9.7119192e-01
  3.9226576e-01   9.7112403e-01
  3.9717060e-01   9.7117379e-01
  4.0221212e-01   9.7116818e-01
  4.0721746e-01   9.7118126e-01
  4.1225207e-01   9.7122438e-01
  4.1722273e-01   9.7116337e-01
  4.2219228e-01   9.7112131e-01
  4.2724000e-01   9.7112350e-01
  4.3231121e-01   9.7129753e-01
  4.3730787e-01   9.7111790e-01
  4.4217411e-01   9.7117744e-01
  4.4723304e-01   9.7118041e-01
  4.5233047e-01   9.7129437e-01
  4.5728741e-01   9.7125425e-01
  4.6224142e-01   9.7123230e-01
  4.6723469e-01   9.7113336e-01
  4.7227266e-01   9.7125095e-01
  4.7724018e-01   9.7122969e-01
  4.8216001e-01   9.7127228e-01
  4.8721088e-01   9.7121722e-01
  4.9224994e-01   9.7113237e-01
  4.9727019e-01   9.7113940e-01
  5.0230602e-01   9.7100369e-01
  5.0740078e-01   9.7123699e-01
  5.1249775e-01   9.7121010e-01
  5.1741244e-01   9.7105951e-01
  5.2234742e-01   9.7110807e-01
  5.2730901e-01   9.7112264e-01
  5.3233009e-01   9.7110719e-01
  5.3747281e-01   9.7111375e-01
  5.4242782e-01   9.7099090e-01
  5.4731972e-01   9.7130593e-01
  5.5232898e-01   9.7117458e-01
  5.5733483e-01   9.7114117e-01
  5.6234468e-01   9.7121961e-01
  5.6741369e-01   9.7095716e-01
  5.7243211e-01   9.7115509e-01
  5.7743378e-01   9.7116691e-01
  5.8231555e-01   9.7102445e-01
  5.8728631e-01   9.7116529e-01
  5.9237195e-01   9.7135603e-01
  5.9739156e-01   9.7118781e-01
  6.0242814e-01   9.7114919e-01
  6.0733831e-01   9.7090082e-01
  6.1216534e-01   9.7085845e-01
  6.1730342e-01   9.7114644e-01
  6.2247235e-01   9.7120700e-01
  6.2754964e-01   9.7129778e-01
  6.3248637e-01   9.7103666e-01
  6.3733464e-01   9.7090351e-01
  6.4237696e-01   9.7128983e-01
  6.4746340e-01   9.7117147e-01
  6.5252716e-01   9.7096869e-01
  6.5754505e-01   9.7134665e-01
  6.6253670e-01   9.7108366e-01
  6.6735920e-01   9.7129578e-01
  6.7206764e-01   9.7109535e-01
  6.7718157e-01   9.7105439e-01
  6.8251372e-01   9.7167845e-01
  6.8760067e-01   9.7090065e-01
  6.9301876e-01   9.7121357e-01
  6.9653308e-01   9.7117559e-01
  7.0122909e-01   9.7118774e-01
  7.0710678e-01   9.7243886e-01
