  0.0000000e+00   2.9416573e+01
  6.0355339e-03   3.4357914e+01
  1.1625704e-02   2.1917457e+01
  1.6535658e-02   1.6295088e+01
  2.1194270e-02   1.2716114e+01
  2.6643563e-02   9.7120327e+00
  3.1687384e-02   7.5148403e+00
  3.6686531e-02   5.9941413e+00
  4.1931406e-02   4.8549482e+00
  4.6938495e-02   3.9947568e+00
  5.1882930e-02   3.3537858e+00
  5.6708130e-02   2.8410275e+00
  6.1628458e-02   2.4009488e+00
  6.6941402e-02   2.0583422e+00
  7.2080259e-02   1.8050188e+00
  7.6940452e-02   1.5506548e+00
  8.2050626e-02   1.3645128e+00
  8.6947257e-02   1.2032198e+00
  9.2055923e-02   1.0778247e+00
  9.7101346e-02   9.5974023e-01
  1.0193919e-01   8.6193603e-01
  1.0713223e-01   7.7071273e-01
  1.1210916e-01   7.1335331e-01
  1.1693242e-01   6.4005689e-01
  1.2182575e-01   5.8906313e-01
  1.2695388e-01   5.4094663e-01
  1.3223922e-01   4.9181318e-01
  1.3719237e-01   4.6078459e-01
  1.4203187e-01   4.3122542e-01
  1.4699084e-01   4.0676452e-01
  1.5196609e-01   3.7901294e-01
  1.5711038e-01   3.5379122e-01
  1.6214458e-01   3.3623064e-01
  1.6723205e-01   3.1757621e-01
  1.7228499e-01   3.0433240e-01
  1.7714755e-01   2.8653231e-01
  1.8206082e-01   2.7498899e-01
  1.8699206e-01   2.6222995e-01
  1.9221504e-01   2.5192095e-01
  1.9728973e-01   2.4204941e-01
  2.0204019e-01   2.3325253e-01
  2.0702274e-01   2.2483495e-01
  2.1209304e-01   2.1729610e-01
  2.1722515e-01   2.1071608e-01
  2.2229203e-01   2.0459081e-01
  2.2716897e-01   1.9976902e-01
  2.3208621e-01   1.9334821e-01
  2.3706324e-01   1.9080961e-01
  2.4209630e-01   1.8595865e-01
  2.4708886e-01   1.8125484e-01
  2.5223849e-01   1.7730107e-01
  2.5732923e-01   1.7311595e-01
  2.6221185e-01   1.7138321e-01
  2.6715089e-01   1.6709072e-01
  2.7206913e-01   1.6387299e-01
  2.7719028e-01   1.6177384e-01
  2.8224737e-01   1.5994122e-01
  2.8723902e-01   1.5753028e-01
  2.9220417e-01   1.5616855e-01
  2.9713400e-01   1.5335963e-01
  3.0216522e-01   1.5021443e-01
  3.0723428e-01   1.4933852e-01
  3.1227901e-01   1.4697238e-01
  3.1725066e-01   1.4614129e-01
  3.2215775e-01   1.4423197e-01
  3.2719516e-01   1.4271829e-01
  3.3219206e-01   1.4196546e-01
  3.3719196e-01   1.4102412e-01
  3.4226898e-01   1.3955842e-01
  3.4724764e-01   1.3859567e-01
  3.5215670e-01   1.3686671e-01
  3.5706391e-01   1.3699440e-01
  3.6213505e-01   1.3528169e-01
  3.6723354e-01   1.3503272e-01
  3.7225891e-01   1.3320411e-01
  3.7722627e-01   1.3243484e-01
  3.8224487e-01   1.3185021e-01
  3.8733654e-01   1.3207849e-01
  3.9226576e-01   1.3107244e-01
  3.9717060e-01   1.3125182e-01
  4.0221212e-01   1.2960453e-01
  4.0721746e-01   1.3012186e-01
  4.1225207e-01   1.2838487e-01
  4.1722273e-01   1.2863818e-01
  4.2219228e-01   1.2825300e-01
  4.2724000e-01   1.2724421e-01
  4.3231121e-01   1.2720457e-01
  4.3730787e-01   1.2688238e-01
  4.4217411e-01   1.2664564e-01
  4.4723304e-01   1.2633140e-01
  4.5233047e-01   1.2600767e-01
  4.5728741e-01   1.2645850e-01
  4.6224142e-01   1.2582805e-01
  4.6723469e-01   1.2490156e-01
  4.7227266e-01   1.2540426e-01
  4.7724018e-01   1.2484450e-01
  4.8216001e-01   1.2511140e-01
  4.8721088e-01   1.2458968e-01
  4.9224994e-01   1.2495112e-01
  4.9727019e-01   1.2472798e-01
  5.0230602e-01   1.2504477e-01
  5.0740078e-01   1.2456113e-01
  5.1249775e-01   1.2452418e-01
  5.1741244e-01   1.2456005e-01
  5.2234742e-01   1.2526174e-01
  5.2730901e-01   1.2485593e-01
  5.3233009e-01   1.2500788e-01
  5.3747281e-01   1.2486956e-01
  5.4242782e-01   1.2492854e-01
  5.4731972e-01   1.2420173e-01
  5.5232898e-01   1.2466373e-01
  5.5733483e-01   1.2427173e-01
  5.6234468e-01   1.2363923e-01
  5.6741369e-01   1.2438701e-01
  5.7243211e-01   1.2481391e-01
  5.7743378e-01   1.2402010e-01
  5.8231555e-01   1.2344904e-01
  5.8728631e-01   1.2318161e-01
  5.9237195e-01   1.2552778e-01
  5.9739156e-01   1.2358798e-01
  6.0242814e-01   1.2285872e-01
  6.0733831e-01   1.2518363e-01
  6.1216534e-01   1.2498678e-01
  6.1730342e-01   1.2428716e-01
  6.2247235e-01   1.2472680e-01
  6.2754964e-01   1.2320916e-01
  6.3248637e-01   1.2441487e-01
  6.3733464e-01   1.2467465e-01
  6.4237696e-01   1.2356332e-01
  6.4746340e-01   1.2515083e-01
  6.5252716e-01   1.2336944e-01
  6.5754505e-01   1.2266133e-01
  6.6253670e-01   1.2261031e-01
  6.6735920e-01   1.2269020e-01
  6.7206764e-01   1.2531743e-01
  6.7718157e-01   1.2282299e-01
  6.8251372e-01   1.2656730e-01
  6.8760067e-01   1.2405816e-01
  6.9301876e-01   1.2175170e-01
  6.9653308e-01   1.2283787e-01
  7.0122909e-01   1.2294857e-01
  7.0710678e-01   1.3762226e-01
