  0.0000000e+00   2.9600455e+02
  6.0355339e-03   6.6365386e+03
  1.1625704e-02   3.2619140e+03
  1.6535658e-02   1.1671558e+03
  2.1194270e-02   5.5936607e+02
  2.6643563e-02   2.8328337e+02
  3.1687384e-02   1.4975988e+02
  3.6686531e-02   9.5374009e+01
  4.1931406e-02   6.5636939e+01
  4.6938495e-02   4.5980317e+01
  5.1882930e-02   3.5937028e+01
  5.6708130e-02   2.9204568e+01
  6.1628458e-02   2.3613917e+01
  6.6941402e-02   2.1873238e+01
  7.2080259e-02   1.8178678e+01
  7.6940452e-02   1.5927997e+01
  8.2050626e-02   1.4365032e+01
  8.6947257e-02   1.3048897e+01
  9.2055923e-02   1.2697048e+01
  9.7101346e-02   1.0785212e+01
  1.0193919e-01   1.0245257e+01
  1.0713223e-01   9.0708703e+00
  1.1210916e-01   8.6573621e+00
  1.1693242e-01   8.3415555e+00
  1.2182575e-01   7.5426032e+00
  1.2695388e-01   7.3098755e+00
  1.3223922e-01   6.5790896e+00
  1.3719237e-01   6.4271411e+00
  1.4203187e-01   6.0359630e+00
  1.4699084e-01   5.4979945e+00
  1.5196609e-01   5.2733223e+00
  1.5711038e-01   4.8530913e+00
  1.6214458e-01   5.0187061e+00
  1.6723205e-01   4.2548245e+00
  1.7228499e-01   4.1022585e+00
  1.7714755e-01   4.1863197e+00
  1.8206082e-01   3.6451312e+00
  1.8699206e-01   3.6383522e+00
  1.9221504e-01   3.1752968e+00
  1.9728973e-01   3.2671762e+00
  2.0204019e-01   3.1995472e+00
  2.0702274e-01   2.8543858e+00
  2.1209304e-01   2.6952740e+00
  2.1722515e-01   2.4467577e+00
  2.2229203e-01   2.4528167e+00
  2.2716897e-01   2.3854138e+00
  2.3208621e-01   2.1799814e+00
  2.3706324e-01   2.1178567e+00
  2.4209630e-01   1.9203594e+00
  2.4708886e-01   1.8874965e+00
  2.5223849e-01   1.7208068e+00
  2.5732923e-01   1.6671525e+00
  2.6221185e-01   1.6468848e+00
  2.6715089e-01   1.4694722e+00
  2.7206913e-01   1.4728509e+00
  2.7719028e-01   1.2501803e+00
  2.8224737e-01   1.2806472e+00
  2.8723902e-01   1.1926314e+00
  2.9220417e-01   1.1228281e+00
  2.9713400e-01   1.0750853e+00
  3.0216522e-01   9.7636374e-01
  3.0723428e-01   9.6835328e-01
  3.1227901e-01   8.9667572e-01
  3.1725066e-01   8.3469261e-01
  3.2215775e-01   8.2065908e-01
  3.2719516e-01   7.2695639e-01
  3.3219206e-01   7.2699681e-01
  3.3719196e-01   6.5147204e-01
  3.4226898e-01   6.0964816e-01
  3.4724764e-01   6.0899271e-01
  3.5215670e-01   5.4334979e-01
  3.5706391e-01   5.3842550e-01
  3.6213505e-01   4.7547463e-01
  3.6723354e-01   4.6029388e-01
  3.7225891e-01   4.2977210e-01
  3.7722627e-01   4.0413687e-01
  3.8224487e-01   3.7372318e-01
  3.8733654e-01   3.4559194e-01
  3.9226576e-01   3.4598294e-01
  3.9717060e-01   3.1350997e-01
  4.0221212e-01   2.8947764e-01
  4.0721746e-01   2.7847981e-01
  4.1225207e-01   2.5459395e-01
  4.1722273e-01   2.4824956e-01
  4.2219228e-01   2.2763351e-01
  4.2724000e-01   2.1566639e-01
  4.3231121e-01   2.0511972e-01
  4.3730787e-01   1.9276441e-01
  4.4217411e-01   1.8545675e-01
  4.4723304e-01   1.7089783e-01
  4.5233047e-01   1.6685133e-01
  4.5728741e-01   1.5955770e-01
  4.6224142e-01   1.5231985e-01
  4.6723469e-01   1.4580444e-01
  4.7227266e-01   1.4163557e-01
  4.7724018e-01   1.3761143e-01
  4.8216001e-01   1.3432002e-01
  4.8721088e-01   1.3112962e-01
  4.9224994e-01   1.2987656e-01
  4.9727019e-01   1.2842442e-01
  5.0230602e-01   1.2732393e-01
  5.0740078e-01   1.2508544e-01
  5.1249775e-01   1.2488380e-01
  5.1741244e-01   1.2488717e-01
  5.2234742e-01   1.2550837e-01
  5.2730901e-01   1.2510086e-01
  5.3233009e-01   1.2520440e-01
  5.3747281e-01   1.2499134e-01
  5.4242782e-01   1.2509952e-01
  5.4731972e-01   1.2431646e-01
  5.5232898e-01   1.2475749e-01
  5.5733483e-01   1.2437652e-01
  5.6234468e-01   1.2372592e-01
  5.6741369e-01   1.2446468e-01
  5.7243211e-01   1.2488252e-01
  5.7743378e-01   1.2408317e-01
  5.8231555e-01   1.2350284e-01
  5.8728631e-01   1.2326378e-01
  5.9237195e-01   1.2560037e-01
  5.9739156e-01   1.2362669e-01
  6.0242814e-01   1.2288330e-01
  6.0733831e-01   1.2525203e-01
  6.1216534e-01   1.2503111e-01
  6.1730342e-01   1.2434042e-01
  6.2247235e-01   1.2475878e-01
  6.2754964e-01   1.2324006e-01
  6.3248637e-01   1.2443644e-01
  6.3733464e-01   1.2469224e-01
  6.4237696e-01   1.2360317e-01
  6.4746340e-01   1.2517842e-01
  6.5252716e-01   1.2337043e-01
  6.5754505e-01   1.2269201e-01
  6.6253670e-01   1.2261058e-01
  6.6735920e-01   1.2273767e-01
  6.7206764e-01   1.2529711e-01
  6.7718157e-01   1.2283929e-01
  6.8251372e-01   1.2657784e-01
  6.8760067e-01   1.2405156e-01
  6.9301876e-01   1.2175149e-01
  6.9653308e-01   1.2282955e-01
  7.0122909e-01   1.2300584e-01
  7.0710678e-01   1.3766696e-01
