  0.0000000e+00   4.5055488e+07
  6.0355339e-03   6.0552754e+04
  1.1625704e-02   1.2038794e+04
  1.6535658e-02   7.3615607e+03
  2.1194270e-02   5.8557741e+03
  2.6643563e-02   3.7093136e+03
  3.1687384e-02   4.0201988e+03
  3.6686531e-02   2.8515723e+03
  4.1931406e-02   2.5529513e+03
  4.6938495e-02   2.5290164e+03
  5.1882930e-02   2.0345609e+03
  5.6708130e-02   2.0990405e+03
  6.1628458e-02   1.7051977e+03
  6.6941402e-02   1.4639638e+03
  7.2080259e-02   1.5341542e+03
  7.6940452e-02   1.3607631e+03
  8.2050626e-02   1.3007437e+03
  8.6947257e-02   1.2254624e+03
  9.2055923e-02   1.1121495e+03
  9.7101346e-02   1.1262217e+03
  1.0193919e-01   1.0591987e+03
  1.0713223e-01   8.4992090e+02
  1.1210916e-01   8.9415687e+02
  1.1693242e-01   8.7803070e+02
  1.2182575e-01   7.9456934e+02
  1.2695388e-01   7.0835458e+02
  1.3223922e-01   6.8518042e+02
  1.3719237e-01   7.0718889e+02
  1.4203187e-01   6.9243245e+02
  1.4699084e-01   5.7986174e+02
  1.5196609e-01   5.8758305e+02
  1.5711038e-01   5.3153238e+02
  1.6214458e-01   5.3326478e+02
  1.6723205e-01   5.0323594e+02
  1.7228499e-01   4.8208721e+02
  1.7714755e-01   4.9449586e+02
  1.8206082e-01   4.2258251e+02
  1.8699206e-01   4.3222061e+02
  1.9221504e-01   3.7656102e+02
  1.9728973e-01   3.8711232e+02
  2.0204019e-01   3.9990293e+02
  2.0702274e-01   3.3760812e+02
  2.1209304e-01   3.3417020e+02
  2.1722515e-01   2.9690096e+02
  2.2229203e-01   3.1054832e+02
  2.2716897e-01   3.0578707e+02
  2.3208621e-01   2.6805956e+02
  2.3706324e-01   2.6426182e+02
  2.4209630e-01   2.4292339e+02
  2.4708886e-01   2.3718903e+02
  2.5223849e-01   2.1358368e+02
  2.5732923e-01   2.1468169e+02
  2.6221185e-01   2.0685197e+02
  2.6715089e-01   1.8926120e+02
  2.7206913e-01   1.8663715e+02
  2.7719028e-01   1.5976107e+02
  2.8224737e-01   1.6420762e+02
  2.8723902e-01   1.7799993e+02
  2.9220417e-01   1.4427698e+02
  2.9713400e-01   1.1966108e+02
  3.0216522e-01   1.2908167e+02
  3.0723428e-01   1.2021578e+02
  3.1227901e-01   1.1585306e+02
  3.1725066e-01   1.0244115e+02
  3.2215775e-01   1.0455221e+02
  3.2719516e-01   8.8510672e+01
  3.3219206e-01   8.7586917e+01
  3.3719196e-01   7.9527056e+01
  3.4226898e-01   7.3671540e+01
  3.4724764e-01   7.2522624e+01
  3.5215670e-01   6.2533058e+01
  3.5706391e-01   6.2808938e+01
  3.6213505e-01   5.2221289e+01
  3.6723354e-01   5.0294676e+01
  3.7225891e-01   4.5795545e+01
  3.7722627e-01   4.2188882e+01
  3.8224487e-01   3.8862335e+01
  3.8733654e-01   3.3894484e+01
  3.9226576e-01   3.3544634e+01
  3.9717060e-01   2.8139303e+01
  4.0221212e-01   2.4588957e+01
  4.0721746e-01   2.3538616e+01
  4.1225207e-01   2.0744269e+01
  4.1722273e-01   1.9573293e+01
  4.2219228e-01   1.6276551e+01
  4.2724000e-01   1.4052996e+01
  4.3231121e-01   1.2281043e+01
  4.3730787e-01   1.0557950e+01
  4.4217411e-01   9.3297720e+00
  4.4723304e-01   6.9415486e+00
  4.5233047e-01   6.5775229e+00
  4.5728741e-01   5.4938406e+00
  4.6224142e-01   4.2055241e+00
  4.6723469e-01   3.4958194e+00
  4.7227266e-01   2.5575213e+00
  4.7724018e-01   2.0632235e+00
  4.8216001e-01   1.5306817e+00
  4.8721088e-01   1.0812037e+00
  4.9224994e-01   8.4117927e-01
  4.9727019e-01   6.7592926e-01
  5.0230602e-01   4.4843282e-01
  5.0740078e-01   1.6614200e-01
  5.1249775e-01   1.6138292e-01
  5.1741244e-01   1.5873565e-01
  5.2234742e-01   1.5681181e-01
  5.2730901e-01   1.5341403e-01
  5.3233009e-01   1.5229730e-01
  5.3747281e-01   1.4951696e-01
  5.4242782e-01   1.4868820e-01
  5.4731972e-01   1.4524387e-01
  5.5232898e-01   1.4298891e-01
  5.5733483e-01   1.4330127e-01
  5.6234468e-01   1.4025699e-01
  5.6741369e-01   1.4024534e-01
  5.7243211e-01   1.3939294e-01
  5.7743378e-01   1.3776429e-01
  5.8231555e-01   1.3669201e-01
  5.8728631e-01   1.3538088e-01
  5.9237195e-01   1.3727287e-01
  5.9739156e-01   1.3492682e-01
  6.0242814e-01   1.3389996e-01
  6.0733831e-01   1.3538012e-01
  6.1216534e-01   1.3477486e-01
  6.1730342e-01   1.3396415e-01
  6.2247235e-01   1.3353810e-01
  6.2754964e-01   1.3227883e-01
  6.3248637e-01   1.3278796e-01
  6.3733464e-01   1.3292030e-01
  6.4237696e-01   1.3174316e-01
  6.4746340e-01   1.3365574e-01
  6.5252716e-01   1.3207507e-01
  6.5754505e-01   1.3020984e-01
  6.6253670e-01   1.3028146e-01
  6.6735920e-01   1.3043430e-01
  6.7206764e-01   1.3425425e-01
  6.7718157e-01   1.3087012e-01
  6.8251372e-01   1.3520569e-01
  6.8760067e-01   1.3166965e-01
  6.9301876e-01   1.2971588e-01
  6.9653308e-01   1.3118258e-01
  7.0122909e-01   1.3025425e-01
  7.0710678e-01   1.4461412e-01
