  0.0000000e+00             nan
  6.0355339e-03   1.9908617e+03
  1.1625704e-02   3.3117645e+02
  1.6535658e-02   1.1505913e+02
  2.1194270e-02   5.8407247e+01
  2.6643563e-02   2.9746593e+01
  3.1687384e-02   1.8099048e+01
  3.6686531e-02   1.2097589e+01
  4.1931406e-02   8.5593787e+00
  4.6938495e-02   6.3734185e+00
  5.1882930e-02   4.9441517e+00
  5.6708130e-02   3.9536772e+00
  6.1628458e-02   3.1930044e+00
  6.6941402e-02   2.6177259e+00
  7.2080259e-02   2.2200826e+00
  7.6940452e-02   1.8619773e+00
  8.2050626e-02   1.5996998e+00
  8.6947257e-02   1.3851973e+00
  9.2055923e-02   1.2215840e+00
  9.7101346e-02   1.0763016e+00
  1.0193919e-01   9.6079854e-01
  1.0713223e-01   8.4677167e-01
  1.1210916e-01   7.7235684e-01
  1.1693242e-01   6.9188320e-01
  1.2182575e-01   6.3329743e-01
  1.2695388e-01   5.7788724e-01
  1.3223922e-01   5.2259235e-01
  1.3719237e-01   4.8999601e-01
  1.4203187e-01   4.5694057e-01
  1.4699084e-01   4.2987024e-01
  1.5196609e-01   3.9836692e-01
  1.5711038e-01   3.7137508e-01
  1.6214458e-01   3.5285701e-01
  1.6723205e-01   3.3311801e-01
  1.7228499e-01   3.1812296e-01
  1.7714755e-01   2.9906595e-01
  1.8206082e-01   2.8732928e-01
  1.8699206e-01   2.7354892e-01
  1.9221504e-01   2.6216724e-01
  1.9728973e-01   2.5167879e-01
  2.0204019e-01   2.4275653e-01
  2.0702274e-01   2.3295589e-01
  2.1209304e-01   2.2522794e-01
  2.1722515e-01   2.1846037e-01
  2.2229203e-01   2.1186037e-01
  2.2716897e-01   2.0683978e-01
  2.3208621e-01   1.9994040e-01
  2.3706324e-01   1.9741401e-01
  2.4209630e-01   1.9219398e-01
  2.4708886e-01   1.8757433e-01
  2.5223849e-01   1.8345387e-01
  2.5732923e-01   1.7823618e-01
  2.6221185e-01   1.7656741e-01
  2.6715089e-01   1.7218922e-01
  2.7206913e-01   1.6868795e-01
  2.7719028e-01   1.6665603e-01
  2.8224737e-01   1.6452224e-01
  2.8723902e-01   1.6215385e-01
  2.9220417e-01   1.6085773e-01
  2.9713400e-01   1.5792103e-01
  3.0216522e-01   1.5453915e-01
  3.0723428e-01   1.5368305e-01
  3.1227901e-01   1.5136305e-01
  3.1725066e-01   1.5019971e-01
  3.2215775e-01   1.4835167e-01
  3.2719516e-01   1.4681599e-01
  3.3219206e-01   1.4610998e-01
  3.3719196e-01   1.4503171e-01
  3.4226898e-01   1.4354581e-01
  3.4724764e-01   1.4269870e-01
  3.5215670e-01   1.4071555e-01
  3.5706391e-01   1.4091185e-01
  3.6213505e-01   1.3909361e-01
  3.6723354e-01   1.3890560e-01
  3.7225891e-01   1.3697885e-01
  3.7722627e-01   1.3631709e-01
  3.8224487e-01   1.3565793e-01
  3.8733654e-01   1.3567753e-01
  3.9226576e-01   1.3466879e-01
  3.9717060e-01   1.3498581e-01
  4.0221212e-01   1.3320962e-01
  4.0721746e-01   1.3370018e-01
  4.1225207e-01   1.3209575e-01
  4.1722273e-01   1.3245435e-01
  4.2219228e-01   1.3206442e-01
  4.2724000e-01   1.3092898e-01
  4.3231121e-01   1.3092301e-01
  4.3730787e-01   1.3047889e-01
  4.4217411e-01   1.3027365e-01
  4.4723304e-01   1.2998816e-01
  4.5233047e-01   1.2956787e-01
  4.5728741e-01   1.2993982e-01
  4.6224142e-01   1.2923243e-01
  4.6723469e-01   1.2836992e-01
  4.7227266e-01   1.2894201e-01
  4.7724018e-01   1.2848753e-01
  4.8216001e-01   1.2863716e-01
  4.8721088e-01   1.2818690e-01
  4.9224994e-01   1.2869328e-01
  4.9727019e-01   1.2819957e-01
  5.0230602e-01   1.2859889e-01
  5.0740078e-01   1.2824842e-01
  5.1249775e-01   1.2797794e-01
  5.1741244e-01   1.2800432e-01
  5.2234742e-01   1.2890811e-01
  5.2730901e-01   1.2851927e-01
  5.3233009e-01   1.2868885e-01
  5.3747281e-01   1.2851866e-01
  5.4242782e-01   1.2886760e-01
  5.4731972e-01   1.2782896e-01
  5.5232898e-01   1.2820452e-01
  5.5733483e-01   1.2803743e-01
  5.6234468e-01   1.2731336e-01
  5.6741369e-01   1.2795381e-01
  5.7243211e-01   1.2839638e-01
  5.7743378e-01   1.2756899e-01
  5.8231555e-01   1.2698209e-01
  5.8728631e-01   1.2667576e-01
  5.9237195e-01   1.2924747e-01
  5.9739156e-01   1.2725084e-01
  6.0242814e-01   1.2646458e-01
  6.0733831e-01   1.2887088e-01
  6.1216534e-01   1.2864712e-01
  6.1730342e-01   1.2807411e-01
  6.2247235e-01   1.2856587e-01
  6.2754964e-01   1.2630020e-01
  6.3248637e-01   1.2766405e-01
  6.3733464e-01   1.2870472e-01
  6.4237696e-01   1.2721793e-01
  6.4746340e-01   1.2890713e-01
  6.5252716e-01   1.2755444e-01
  6.5754505e-01   1.2622206e-01
  6.6253670e-01   1.2582890e-01
  6.6735920e-01   1.2640787e-01
  6.7206764e-01   1.2890372e-01
  6.7718157e-01   1.2640193e-01
  6.8251372e-01   1.3052307e-01
  6.8760067e-01   1.2801731e-01
  6.9301876e-01   1.2587768e-01
  6.9653308e-01   1.2686649e-01
  7.0122909e-01   1.2732408e-01
  7.0710678e-01   1.4095786e-01
