  0.0000000e+00   4.4690698e-05
  6.0355339e-03   8.8970349e+02
  1.1625704e-02   8.7238571e+02
  1.6535658e-02   8.4456057e+02
  2.1194270e-02   7.6893023e+02
  2.6643563e-02   6.7044536e+02
  3.1687384e-02   5.9375202e+02
  3.6686531e-02   4.9557382e+02
  4.1931406e-02   4.1695374e+02
  4.6938495e-02   3.5205508e+02
  5.1882930e-02   3.0443766e+02
  5.6708130e-02   2.6241951e+02
  6.1628458e-02   2.2843483e+02
  6.6941402e-02   1.9481266e+02
  7.2080259e-02   1.6879853e+02
  7.6940452e-02   1.5071363e+02
  8.2050626e-02   1.3205033e+02
  8.6947257e-02   1.1706535e+02
  9.2055923e-02   1.0444188e+02
  9.7101346e-02   9.2662437e+01
  1.0193919e-01   8.4492173e+01
  1.0713223e-01   7.6179249e+01
  1.1210916e-01   6.8295052e+01
  1.1693242e-01   6.2161887e+01
  1.2182575e-01   5.7982053e+01
  1.2695388e-01   5.2331523e+01
  1.3223922e-01   4.7681923e+01
  1.3719237e-01   4.3424527e+01
  1.4203187e-01   4.0385259e+01
  1.4699084e-01   3.7367766e+01
  1.5196609e-01   3.4762060e+01
  1.5711038e-01   3.1839281e+01
  1.6214458e-01   2.9427635e+01
  1.6723205e-01   2.7126944e+01
  1.7228499e-01   2.5228711e+01
  1.7714755e-01   2.3581324e+01
  1.8206082e-01   2.2089556e+01
  1.8699206e-01   2.0565769e+01
  1.9221504e-01   1.9205288e+01
  1.9728973e-01   1.7774906e+01
  2.0204019e-01   1.6691007e+01
  2.0702274e-01   1.5609201e+01
  2.1209304e-01   1.4594423e+01
  2.1722515e-01   1.3589766e+01
  2.2229203e-01   1.2801342e+01
  2.2716897e-01   1.2000629e+01
  2.3208621e-01   1.1212673e+01
  2.3706324e-01   1.0569861e+01
  2.4209630e-01   9.9927921e+00
  2.4708886e-01   9.3698944e+00
  2.5223849e-01   8.7734307e+00
  2.5732923e-01   8.2478967e+00
  2.6221185e-01   7.7790668e+00
  2.6715089e-01   7.2912997e+00
  2.7206913e-01   6.8625447e+00
  2.7719028e-01   6.4090586e+00
  2.8224737e-01   6.0575005e+00
  2.8723902e-01   5.6667432e+00
  2.9220417e-01   5.3867735e+00
  2.9713400e-01   5.0714223e+00
  3.0216522e-01   4.7439005e+00
  3.0723428e-01   4.4863385e+00
  3.1227901e-01   4.2108205e+00
  3.1725066e-01   3.9630171e+00
  3.2215775e-01   3.7593263e+00
  3.2719516e-01   3.5452446e+00
  3.3219206e-01   3.2940480e+00
  3.3719196e-01   3.1109180e+00
  3.4226898e-01   2.9475472e+00
  3.4724764e-01   2.7688334e+00
  3.5215670e-01   2.6078429e+00
  3.5706391e-01   2.4554566e+00
  3.6213505e-01   2.3198868e+00
  3.6723354e-01   2.1683524e+00
  3.7225891e-01   2.0409964e+00
  3.7722627e-01   1.9254773e+00
  3.8224487e-01   1.8219686e+00
  3.8733654e-01   1.7015982e+00
  3.9226576e-01   1.6127580e+00
  3.9717060e-01   1.5119620e+00
  4.0221212e-01   1.4268363e+00
  4.0721746e-01   1.3439947e+00
  4.1225207e-01   1.2593484e+00
  4.1722273e-01   1.1875558e+00
  4.2219228e-01   1.1109441e+00
  4.2724000e-01   1.0462525e+00
  4.3231121e-01   9.7985476e-01
  4.3730787e-01   9.2393998e-01
  4.4217411e-01   8.6516630e-01
  4.4723304e-01   8.1387070e-01
  4.5233047e-01   7.6406727e-01
  4.5728741e-01   7.1786215e-01
  4.6224142e-01   6.7318248e-01
  4.6723469e-01   6.3373385e-01
  4.7227266e-01   5.9361747e-01
  4.7724018e-01   5.5919945e-01
  4.8216001e-01   5.2822719e-01
  4.8721088e-01   4.9119660e-01
  4.9224994e-01   4.5987669e-01
  4.9727019e-01   4.3150075e-01
  5.0230602e-01   4.0400164e-01
  5.0740078e-01   3.7890516e-01
  5.1249775e-01   3.5285459e-01
  5.1741244e-01   3.3198202e-01
  5.2234742e-01   3.1026563e-01
  5.2730901e-01   2.8955324e-01
  5.3233009e-01   2.7280007e-01
  5.3747281e-01   2.5287580e-01
  5.4242782e-01   2.3698220e-01
  5.4731972e-01   2.2255361e-01
  5.5232898e-01   2.0808654e-01
  5.5733483e-01   1.9403951e-01
  5.6234468e-01   1.8157748e-01
  5.6741369e-01   1.6928115e-01
  5.7243211e-01   1.5803335e-01
  5.7743378e-01   1.4721242e-01
  5.8231555e-01   1.3725710e-01
  5.8728631e-01   1.2796344e-01
  5.9237195e-01   1.1975968e-01
  5.9739156e-01   1.1210338e-01
  6.0242814e-01   1.0500562e-01
  6.0733831e-01   9.7699457e-02
  6.1216534e-01   9.0382113e-02
  6.1730342e-01   8.3891354e-02
  6.2247235e-01   7.7184566e-02
  6.2754964e-01   7.2152598e-02
  6.3248637e-01   6.6796944e-02
  6.3733464e-01   6.3189572e-02
  6.4237696e-01   5.8325126e-02
  6.4746340e-01   5.3901887e-02
  6.5252716e-01   5.0038480e-02
  6.5754505e-01   4.6210309e-02
  6.6253670e-01   4.3341505e-02
  6.6735920e-01   4.0143096e-02
  6.7206764e-01   3.8011905e-02
  6.7718157e-01   3.4183783e-02
  6.8251372e-01   3.1563468e-02
  6.8760067e-01   2.9757200e-02
  6.9301876e-01   2.7582067e-02
  6.9653308e-01   2.5518412e-02
  7.0122909e-01   2.4321612e-02
  7.0710678e-01   2.0100957e-02
