  0.0000000e+00   5.1704770e-07
  6.0355339e-03   1.5393248e-01
  1.1625704e-02   5.9968016e-01
  1.6535658e-02   8.2456050e-01
  2.1194270e-02   9.0173052e-01
  2.6643563e-02   9.3198983e-01
  3.1687384e-02   9.4636646e-01
  3.6686531e-02   9.5382933e-01
  4.1931406e-02   9.5714758e-01
  4.6938495e-02   9.5936723e-01
  5.1882930e-02   9.6175614e-01
  5.6708130e-02   9.6264892e-01
  6.1628458e-02   9.6398243e-01
  6.6941402e-02   9.6467994e-01
  7.2080259e-02   9.6511996e-01
  7.6940452e-02   9.6601739e-01
  8.2050626e-02   9.6601970e-01
  8.6947257e-02   9.6677849e-01
  9.2055923e-02   9.6708214e-01
  9.7101346e-02   9.6749196e-01
  1.0193919e-01   9.6752030e-01
  1.0713223e-01   9.6799948e-01
  1.1210916e-01   9.6803329e-01
  1.1693242e-01   9.6813685e-01
  1.2182575e-01   9.6859267e-01
  1.2695388e-01   9.6842090e-01
  1.3223922e-01   9.6861712e-01
  1.3719237e-01   9.6869938e-01
  1.4203187e-01   9.6893194e-01
  1.4699084e-01   9.6953257e-01
  1.5196609e-01   9.6933818e-01
  1.5711038e-01   9.6953426e-01
  1.6214458e-01   9.6954788e-01
  1.6723205e-01   9.6973916e-01
  1.7228499e-01   9.6985163e-01
  1.7714755e-01   9.6968676e-01
  1.8206082e-01   9.7002253e-01
  1.8699206e-01   9.6992760e-01
  1.9221504e-01   9.7026726e-01
  1.9728973e-01   9.7008856e-01
  2.0204019e-01   9.7005302e-01
  2.0702274e-01   9.7038535e-01
  2.1209304e-01   9.7030759e-01
  2.1722515e-01   9.7039992e-01
  2.2229203e-01   9.7051000e-01
  2.2716897e-01   9.7049573e-01
  2.3208621e-01   9.7069453e-01
  2.3706324e-01   9.7049709e-01
  2.4209630e-01   9.7059054e-01
  2.4708886e-01   9.7068041e-01
  2.5223849e-01   9.7083216e-01
  2.5732923e-01   9.7059640e-01
  2.6221185e-01   9.7076013e-01
  2.6715089e-01   9.7074440e-01
  2.7206913e-01   9.7086283e-01
  2.7719028e-01   9.7088034e-01
  2.8224737e-01   9.7098163e-01
  2.8723902e-01   9.7093805e-01
  2.9220417e-01   9.7098868e-01
  2.9713400e-01   9.7105389e-01
  3.0216522e-01   9.7100533e-01
  3.0723428e-01   9.7101584e-01
  3.1227901e-01   9.7104017e-01
  3.1725066e-01   9.7117036e-01
  3.2215775e-01   9.7114026e-01
  3.2719516e-01   9.7094516e-01
  3.3219206e-01   9.7118368e-01
  3.3719196e-01   9.7115986e-01
  3.4226898e-01   9.7110577e-01
  3.4724764e-01   9.7112756e-01
  3.5215670e-01   9.7129699e-01
  3.5706391e-01   9.7115116e-01
  3.6213505e-01   9.7115810e-01
  3.6723354e-01   9.7113994e-01
  3.7225891e-01   9.7125131e-01
  3.7722627e-01   9.7129372e-01
  3.8224487e-01   9.7111947e-01
  3.8733654e-01   9.7125719e-01
  3.9226576e-01   9.7120282e-01
  3.9717060e-01   9.7124975e-01
  4.0221212e-01   9.7124690e-01
  4.0721746e-01   9.7126412e-01
  4.1225207e-01   9.7130794e-01
  4.1722273e-01   9.7125411e-01
  4.2219228e-01   9.7121104e-01
  4.2724000e-01   9.7121823e-01
  4.3231121e-01   9.7139333e-01
  4.3730787e-01   9.7121485e-01
  4.4217411e-01   9.7128059e-01
  4.4723304e-01   9.7127265e-01
  4.5233047e-01   9.7139470e-01
  4.5728741e-01   9.7135362e-01
  4.6224142e-01   9.7133094e-01
  4.6723469e-01   9.7123295e-01
  4.7227266e-01   9.7134883e-01
  4.7724018e-01   9.7133311e-01
  4.8216001e-01   9.7137574e-01
  4.8721088e-01   9.7132136e-01
  4.9224994e-01   9.7123688e-01
  4.9727019e-01   9.7124238e-01
  5.0230602e-01   9.7107513e-01
  5.0740078e-01   9.7126502e-01
  5.1249775e-01   9.7123454e-01
  5.1741244e-01   9.7108371e-01
  5.2234742e-01   9.7113255e-01
  5.2730901e-01   9.7114683e-01
  5.3233009e-01   9.7113065e-01
  5.3747281e-01   9.7113649e-01
  5.4242782e-01   9.7101479e-01
  5.4731972e-01   9.7132924e-01
  5.5232898e-01   9.7119773e-01
  5.5733483e-01   9.7116374e-01
  5.6234468e-01   9.7124342e-01
  5.6741369e-01   9.7098028e-01
  5.7243211e-01   9.7117819e-01
  5.7743378e-01   9.7119013e-01
  5.8231555e-01   9.7104730e-01
  5.8728631e-01   9.7118851e-01
  5.9237195e-01   9.7138102e-01
  5.9739156e-01   9.7121069e-01
  6.0242814e-01   9.7117166e-01
  6.0733831e-01   9.7092317e-01
  6.1216534e-01   9.7088224e-01
  6.1730342e-01   9.7116942e-01
  6.2247235e-01   9.7122857e-01
  6.2754964e-01   9.7132200e-01
  6.3248637e-01   9.7105800e-01
  6.3733464e-01   9.7092603e-01
  6.4237696e-01   9.7131411e-01
  6.4746340e-01   9.7119393e-01
  6.5252716e-01   9.7099194e-01
  6.5754505e-01   9.7137001e-01
  6.6253670e-01   9.7110732e-01
  6.6735920e-01   9.7132034e-01
  6.7206764e-01   9.7111955e-01
  6.7718157e-01   9.7107819e-01
  6.8251372e-01   9.7170523e-01
  6.8760067e-01   9.7092594e-01
  6.9301876e-01   9.7123745e-01
  6.9653308e-01   9.7119866e-01
  7.0122909e-01   9.7121138e-01
  7.0710678e-01   9.7246339e-01
