  0.0000000e+00             inf
  6.0355339e-03   5.3078500e-03
  1.1625704e-02   2.8330832e-02
  1.6535658e-02   7.8398917e-02
  2.1194270e-02   1.5179954e-01
  2.6643563e-02   2.4398452e-01
  3.1687384e-02   3.3224333e-01
  3.6686531e-02   4.2820452e-01
  4.1931406e-02   5.0692745e-01
  4.6938495e-02   5.8140380e-01
  5.1882930e-02   6.2965332e-01
  5.6708130e-02   6.7950789e-01
  6.1628458e-02   7.1134681e-01
  6.6941402e-02   7.5304799e-01
  7.2080259e-02   7.8507677e-01
  7.6940452e-02   8.0076708e-01
  8.2050626e-02   8.2096641e-01
  8.6947257e-02   8.4190064e-01
  9.2055923e-02   8.5413982e-01
  9.7101346e-02   8.7530626e-01
  1.0193919e-01   8.7636414e-01
  1.0713223e-01   8.8142367e-01
  1.1210916e-01   8.9836667e-01
  1.1693242e-01   9.0747032e-01
  1.2182575e-01   8.9350285e-01
  1.2695388e-01   9.0776020e-01
  1.3223922e-01   9.1202068e-01
  1.3719237e-01   9.2443032e-01
  1.4203187e-01   9.2106385e-01
  1.4699084e-01   9.2179177e-01
  1.5196609e-01   9.1779095e-01
  1.5711038e-01   9.2674526e-01
  1.6214458e-01   9.3149234e-01
  1.6723205e-01   9.3818470e-01
  1.7228499e-01   9.3747902e-01
  1.7714755e-01   9.3541334e-01
  1.8206082e-01   9.3333152e-01
  1.8699206e-01   9.3608600e-01
  1.9221504e-01   9.3399292e-01
  1.9728973e-01   9.4174176e-01
  2.0204019e-01   9.4217799e-01
  2.0702274e-01   9.4252530e-01
  2.1209304e-01   9.4320778e-01
  2.1722515e-01   9.4708931e-01
  2.2229203e-01   9.4297009e-01
  2.2716897e-01   9.4482675e-01
  2.3208621e-01   9.5054255e-01
  2.3706324e-01   9.4617514e-01
  2.4209630e-01   9.3996682e-01
  2.4708886e-01   9.4232798e-01
  2.5223849e-01   9.4461696e-01
  2.5732923e-01   9.4249514e-01
  2.6221185e-01   9.4136807e-01
  2.6715089e-01   9.4556877e-01
  2.7206913e-01   9.4617255e-01
  2.7719028e-01   9.5250166e-01
  2.8224737e-01   9.4808275e-01
  2.8723902e-01   9.5351662e-01
  2.9220417e-01   9.4588379e-01
  2.9713400e-01   9.4663170e-01
  3.0216522e-01   9.5198579e-01
  3.0723428e-01   9.4758240e-01
  3.1227901e-01   9.5066955e-01
  3.1725066e-01   9.5155499e-01
  3.2215775e-01   9.4535965e-01
  3.2719516e-01   9.4393743e-01
  3.3219206e-01   9.5754954e-01
  3.3719196e-01   9.5403175e-01
  3.4226898e-01   9.4833085e-01
  3.4724764e-01   9.5095138e-01
  3.5215670e-01   9.5250262e-01
  3.5706391e-01   9.5371266e-01
  3.6213505e-01   9.4912838e-01
  3.6723354e-01   9.5517803e-01
  3.7225891e-01   9.5560071e-01
  3.7722627e-01   9.5406663e-01
  3.8224487e-01   9.4854142e-01
  3.8733654e-01   9.5492561e-01
  3.9226576e-01   9.4883011e-01
  3.9717060e-01   9.5407025e-01
  4.0221212e-01   9.5043773e-01
  4.0721746e-01   9.4942370e-01
  4.1225207e-01   9.5286733e-01
  4.1722273e-01   9.5035447e-01
  4.2219228e-01   9.5618889e-01
  4.2724000e-01   9.5362774e-01
  4.3231121e-01   9.5657871e-01
  4.3730787e-01   9.5284969e-01
  4.4217411e-01   9.5782242e-01
  4.4723304e-01   9.5586300e-01
  4.5233047e-01   9.5498926e-01
  4.5728741e-01   9.5534869e-01
  4.6224142e-01   9.5645055e-01
  4.6723469e-01   9.5358593e-01
  4.7227266e-01   9.5506608e-01
  4.7724018e-01   9.5197621e-01
  4.8216001e-01   9.4649651e-01
  4.8721088e-01   9.5387404e-01
  4.9224994e-01   9.5476777e-01
  4.9727019e-01   9.5292295e-01
  5.0230602e-01   9.5287195e-01
  5.0740078e-01   9.5136482e-01
  5.1249775e-01   9.5472867e-01
  5.1741244e-01   9.5140249e-01
  5.2234742e-01   9.5372895e-01
  5.2730901e-01   9.5634151e-01
  5.3233009e-01   9.4952605e-01
  5.3747281e-01   9.5648758e-01
  5.4242782e-01   9.5510981e-01
  5.4731972e-01   9.5168539e-01
  5.5232898e-01   9.5087031e-01
  5.5733483e-01   9.5293216e-01
  5.6234468e-01   9.5122004e-01
  5.6741369e-01   9.5124222e-01
  5.7243211e-01   9.5150069e-01
  5.7743378e-01   9.5328520e-01
  5.8231555e-01   9.5438639e-01
  5.8728631e-01   9.5571587e-01
  5.9237195e-01   9.5081538e-01
  5.9739156e-01   9.4677703e-01
  6.0242814e-01   9.4163946e-01
  6.0733831e-01   9.4274125e-01
  6.1216534e-01   9.5180376e-01
  6.1730342e-01   9.5210339e-01
  6.2247235e-01   9.6175235e-01
  6.2754964e-01   9.5512390e-01
  6.3248637e-01   9.6019280e-01
  6.3733464e-01   9.4565865e-01
  6.4237696e-01   9.5266689e-01
  6.4746340e-01   9.5676679e-01
  6.5252716e-01   9.5609712e-01
  6.5754505e-01   9.6121415e-01
  6.6253670e-01   9.4955815e-01
  6.6735920e-01   9.5555286e-01
  6.7206764e-01   9.3970295e-01
  6.7718157e-01   9.6650301e-01
  6.8251372e-01   9.6765773e-01
  6.8760067e-01   9.4800194e-01
  6.9301876e-01   9.4306352e-01
  6.9653308e-01   9.6582404e-01
  7.0122909e-01   9.4357314e-01
  7.0710678e-01   1.0390949e+00
