  0.0000000e+00   4.7589989e+07
  6.0355339e-03   1.1930304e+07
  1.1625704e-02   6.3732780e+06
  1.6535658e-02   5.0648116e+06
  2.1194270e-02   4.1278186e+06
  2.6643563e-02   2.6621486e+06
  3.1687384e-02   2.9927699e+06
  3.6686531e-02   2.0364624e+06
  4.1931406e-02   1.8178536e+06
  4.6938495e-02   1.7814843e+06
  5.1882930e-02   1.4138055e+06
  5.6708130e-02   1.5816340e+06
  6.1628458e-02   1.2430136e+06
  6.6941402e-02   1.0547634e+06
  7.2080259e-02   1.1007453e+06
  7.6940452e-02   1.0379447e+06
  8.2050626e-02   9.1149209e+05
  8.6947257e-02   8.9975502e+05
  9.2055923e-02   7.7457130e+05
  9.7101346e-02   7.7484362e+05
  1.0193919e-01   7.2207650e+05
  1.0713223e-01   6.4307390e+05
  1.1210916e-01   6.3194349e+05
  1.1693242e-01   5.9954887e+05
  1.2182575e-01   5.8335798e+05
  1.2695388e-01   5.1073193e+05
  1.3223922e-01   4.4984622e+05
  1.3719237e-01   4.6705027e+05
  1.4203187e-01   6.5711506e+05
  1.4699084e-01   2.0477166e+04
  1.5196609e-01   2.4672317e+05
  1.5711038e-01   1.9477675e+05
  1.6214458e-01   1.8707570e+05
  1.6723205e-01   1.5308845e+05
  1.7228499e-01   1.3006806e+05
  1.7714755e-01   1.2334205e+05
  1.8206082e-01   1.0703514e+05
  1.8699206e-01   9.1919025e+04
  1.9221504e-01   6.9377868e+04
  1.9728973e-01   6.9697517e+04
  2.0204019e-01   6.0184115e+04
  2.0702274e-01   5.1784126e+04
  2.1209304e-01   4.4040120e+04
  2.1722515e-01   3.6759897e+04
  2.2229203e-01   3.4789896e+04
  2.2716897e-01   3.2053182e+04
  2.3208621e-01   2.6434893e+04
  2.3706324e-01   2.3818301e+04
  2.4209630e-01   1.9589465e+04
  2.4708886e-01   1.8603263e+04
  2.5223849e-01   1.6637403e+04
  2.5732923e-01   1.5742840e+04
  2.6221185e-01   1.4889202e+04
  2.6715089e-01   1.1873585e+04
  2.7206913e-01   1.1974420e+04
  2.7719028e-01   8.9875682e+03
  2.8224737e-01   7.9728835e+03
  2.8723902e-01   1.2819661e+04
  2.9220417e-01   6.4211192e+03
  2.9713400e-01   1.7847547e+03
  3.0216522e-01   5.3919673e+03
  3.0723428e-01   4.6549439e+03
  3.1227901e-01   4.3573465e+03
  3.1725066e-01   3.7206077e+03
  3.2215775e-01   3.5108070e+03
  3.2719516e-01   2.9637614e+03
  3.3219206e-01   2.8106874e+03
  3.3719196e-01   2.3837450e+03
  3.4226898e-01   2.0305653e+03
  3.4724764e-01   2.0646264e+03
  3.5215670e-01   1.7350558e+03
  3.5706391e-01   1.6187955e+03
  3.6213505e-01   1.3054654e+03
  3.6723354e-01   1.2067992e+03
  3.7225891e-01   1.1453407e+03
  3.7722627e-01   9.7145105e+02
  3.8224487e-01   8.7314632e+02
  3.8733654e-01   7.2734110e+02
  3.9226576e-01   7.1104897e+02
  3.9717060e-01   5.7290516e+02
  4.0221212e-01   4.8236728e+02
  4.0721746e-01   4.5580283e+02
  4.1225207e-01   3.9796399e+02
  4.1722273e-01   3.6360859e+02
  4.2219228e-01   3.0257235e+02
  4.2724000e-01   2.5035228e+02
  4.3231121e-01   2.1122358e+02
  4.3730787e-01   1.7457539e+02
  4.4217411e-01   1.5510088e+02
  4.4723304e-01   1.1150224e+02
  4.5233047e-01   1.0447905e+02
  4.5728741e-01   8.7228487e+01
  4.6224142e-01   6.7103026e+01
  4.6723469e-01   5.4356189e+01
  4.7227266e-01   3.8399398e+01
  4.7724018e-01   3.0438604e+01
  4.8216001e-01   2.3119886e+01
  4.8721088e-01   1.5720619e+01
  4.9224994e-01   1.1346337e+01
  4.9727019e-01   9.0920200e+00
  5.0230602e-01   5.6621771e+00
  5.0740078e-01   1.1336822e+00
  5.1249775e-01   1.0113851e+00
  5.1741244e-01   9.1564048e-01
  5.2234742e-01   8.3576041e-01
  5.2730901e-01   7.3258634e-01
  5.3233009e-01   6.8235160e-01
  5.3747281e-01   6.1149891e-01
  5.4242782e-01   5.7411998e-01
  5.4731972e-01   5.1921819e-01
  5.5232898e-01   4.5268656e-01
  5.5733483e-01   4.4712614e-01
  5.6234468e-01   3.9368055e-01
  5.6741369e-01   3.7609057e-01
  5.7243211e-01   3.4580391e-01
  5.7743378e-01   3.2122809e-01
  5.8231555e-01   3.0914694e-01
  5.8728631e-01   2.8358451e-01
  5.9237195e-01   2.7775788e-01
  5.9739156e-01   2.5944574e-01
  6.0242814e-01   2.4839368e-01
  6.0733831e-01   2.3948741e-01
  6.1216534e-01   2.3016816e-01
  6.1730342e-01   2.2580549e-01
  6.2247235e-01   2.1853861e-01
  6.2754964e-01   2.1178197e-01
  6.3248637e-01   2.0821614e-01
  6.3733464e-01   2.0648543e-01
  6.4237696e-01   2.0251225e-01
  6.4746340e-01   1.9866198e-01
  6.5252716e-01   1.9455442e-01
  6.5754505e-01   1.9587989e-01
  6.6253670e-01   1.9512924e-01
  6.6735920e-01   1.9369270e-01
  6.7206764e-01   1.9099295e-01
  6.7718157e-01   1.9059040e-01
  6.8251372e-01   1.8928889e-01
  6.8760067e-01   1.9106857e-01
  6.9301876e-01   1.8330687e-01
  6.9653308e-01   1.8699244e-01
  7.0122909e-01   1.8951798e-01
  7.0710678e-01   2.0894014e-01
