  0.0000000e+00   7.5514012e-01
  6.0355339e-03   1.7093294e+04
  1.1625704e-02   7.0401820e+03
  1.6535658e-02   3.5489013e+03
  2.1194270e-02   2.1200979e+03
  2.6643563e-02   1.3882225e+03
  3.1687384e-02   9.9482477e+02
  3.6686531e-02   7.2884188e+02
  4.1931406e-02   5.5516585e+02
  4.6938495e-02   4.3666285e+02
  5.1882930e-02   3.6041005e+02
  5.6708130e-02   2.9838091e+02
  6.1628458e-02   2.5376400e+02
  6.6941402e-02   2.1161942e+02
  7.2080259e-02   1.8049628e+02
  7.6940452e-02   1.5916823e+02
  8.2050626e-02   1.3824637e+02
  8.6947257e-02   1.2163872e+02
  9.2055923e-02   1.0790798e+02
  9.7101346e-02   9.5268814e+01
  1.0193919e-01   8.6561553e+01
  1.0713223e-01   7.7795794e+01
  1.1210916e-01   6.9558187e+01
  1.1693242e-01   6.3187785e+01
  1.2182575e-01   5.8825145e+01
  1.2695388e-01   5.3024167e+01
  1.3223922e-01   4.8240990e+01
  1.3719237e-01   4.3886106e+01
  1.4203187e-01   4.0768332e+01
  1.4699084e-01   3.7692631e+01
  1.5196609e-01   3.5036044e+01
  1.5711038e-01   3.2069409e+01
  1.6214458e-01   2.9623223e+01
  1.6723205e-01   2.7289354e+01
  1.7228499e-01   2.5369342e+01
  1.7714755e-01   2.3702065e+01
  1.8206082e-01   2.2192156e+01
  1.8699206e-01   2.0657704e+01
  1.9221504e-01   1.9281024e+01
  1.9728973e-01   1.7840642e+01
  2.0204019e-01   1.6748879e+01
  2.0702274e-01   1.5657836e+01
  2.1209304e-01   1.4638012e+01
  2.1722515e-01   1.3626328e+01
  2.2229203e-01   1.2833727e+01
  2.2716897e-01   1.2028572e+01
  2.3208621e-01   1.1235587e+01
  2.3706324e-01   1.0590815e+01
  2.4209630e-01   1.0009939e+01
  2.4708886e-01   9.3852645e+00
  2.5223849e-01   8.7863488e+00
  2.5732923e-01   8.2589749e+00
  2.6221185e-01   7.7887286e+00
  2.6715089e-01   7.2990166e+00
  2.7206913e-01   6.8692488e+00
  2.7719028e-01   6.4144104e+00
  2.8224737e-01   6.0621638e+00
  2.8723902e-01   5.6706149e+00
  2.9220417e-01   5.3898482e+00
  2.9713400e-01   5.0739633e+00
  3.0216522e-01   4.7458029e+00
  3.0723428e-01   4.4879725e+00
  3.1227901e-01   4.2120140e+00
  3.1725066e-01   3.9637603e+00
  3.2215775e-01   3.7599063e+00
  3.2719516e-01   3.5455364e+00
  3.3219206e-01   3.2940900e+00
  3.3719196e-01   3.1108512e+00
  3.4226898e-01   2.9473572e+00
  3.4724764e-01   2.7685060e+00
  3.5215670e-01   2.6074242e+00
  3.5706391e-01   2.4549805e+00
  3.6213505e-01   2.3193374e+00
  3.6723354e-01   2.1677477e+00
  3.7225891e-01   2.0403570e+00
  3.7722627e-01   1.9248332e+00
  3.8224487e-01   1.8213001e+00
  3.8733654e-01   1.7009771e+00
  3.9226576e-01   1.6120754e+00
  3.9717060e-01   1.5113223e+00
  4.0221212e-01   1.4261900e+00
  4.0721746e-01   1.3433489e+00
  4.1225207e-01   1.2587369e+00
  4.1722273e-01   1.1869447e+00
  4.2219228e-01   1.1103803e+00
  4.2724000e-01   1.0456920e+00
  4.3231121e-01   9.7932307e-01
  4.3730787e-01   9.2343530e-01
  4.4217411e-01   8.6466134e-01
  4.4723304e-01   8.1343183e-01
  4.5233047e-01   7.6362324e-01
  4.5728741e-01   7.1743018e-01
  4.6224142e-01   6.7279266e-01
  4.6723469e-01   6.3335523e-01
  4.7227266e-01   5.9328019e-01
  4.7724018e-01   5.5886431e-01
  4.8216001e-01   5.2791541e-01
  4.8721088e-01   4.9090856e-01
  4.9224994e-01   4.5959552e-01
  4.9727019e-01   4.3125230e-01
  5.0230602e-01   4.0380044e-01
  5.0740078e-01   3.7879179e-01
  5.1249775e-01   3.5277816e-01
  5.1741244e-01   3.3192228e-01
  5.2234742e-01   3.1021856e-01
  5.2730901e-01   2.8951386e-01
  5.3233009e-01   2.7276783e-01
  5.3747281e-01   2.5284816e-01
  5.4242782e-01   2.3695856e-01
  5.4731972e-01   2.2253224e-01
  5.5232898e-01   2.0806717e-01
  5.5733483e-01   1.9402343e-01
  5.6234468e-01   1.8156231e-01
  5.6741369e-01   1.6926769e-01
  5.7243211e-01   1.5802116e-01
  5.7743378e-01   1.4720138e-01
  5.8231555e-01   1.3724746e-01
  5.8728631e-01   1.2795461e-01
  5.9237195e-01   1.1975154e-01
  5.9739156e-01   1.1209610e-01
  6.0242814e-01   1.0499898e-01
  6.0733831e-01   9.7693312e-02
  6.1216534e-01   9.0376151e-02
  6.1730342e-01   8.3886469e-02
  6.2247235e-01   7.7179835e-02
  6.2754964e-01   7.2148269e-02
  6.3248637e-01   6.6793274e-02
  6.3733464e-01   6.3185876e-02
  6.4237696e-01   5.8321938e-02
  6.4746340e-01   5.3898967e-02
  6.5252716e-01   5.0035716e-02
  6.5754505e-01   4.6207887e-02
  6.6253670e-01   4.3339151e-02
  6.6735920e-01   4.0141133e-02
  6.7206764e-01   3.8009749e-02
  6.7718157e-01   3.4182066e-02
  6.8251372e-01   3.1561832e-02
  6.8760067e-01   2.9755568e-02
  6.9301876e-01   2.7580489e-02
  6.9653308e-01   2.5517156e-02
  7.0122909e-01   2.4320462e-02
  7.0710678e-01   2.0100640e-02
