  0.0000000e+00   5.5569450e+05
  6.0355339e-03   5.3695755e+04
  1.1625704e-02   6.9548616e+03
  1.6535658e-02   2.7168511e+03
  2.1194270e-02   1.8527189e+03
  2.6643563e-02   1.1820256e+03
  3.1687384e-02   1.1371878e+03
  3.6686531e-02   8.2593467e+02
  4.1931406e-02   7.2241980e+02
  4.6938495e-02   6.9468963e+02
  5.1882930e-02   5.6235201e+02
  5.6708130e-02   5.7702681e+02
  6.1628458e-02   4.6202735e+02
  6.6941402e-02   4.0268233e+02
  7.2080259e-02   4.1274817e+02
  7.6940452e-02   3.6674691e+02
  8.2050626e-02   3.4250472e+02
  8.6947257e-02   3.2184039e+02
  9.2055923e-02   2.9021948e+02
  9.7101346e-02   2.8868734e+02
  1.0193919e-01   2.6442483e+02
  1.0713223e-01   2.2009755e+02
  1.1210916e-01   2.2581169e+02
  1.1693242e-01   2.2071130e+02
  1.2182575e-01   1.9960356e+02
  1.2695388e-01   1.7541881e+02
  1.3223922e-01   1.6595450e+02
  1.3719237e-01   1.7136507e+02
  1.4203187e-01   1.6402253e+02
  1.4699084e-01   1.4186277e+02
  1.5196609e-01   1.3734179e+02
  1.5711038e-01   1.2620729e+02
  1.6214458e-01   1.2537622e+02
  1.6723205e-01   1.1259081e+02
  1.7228499e-01   1.0717788e+02
  1.7714755e-01   1.1198982e+02
  1.8206082e-01   9.4152434e+01
  1.8699206e-01   9.5781079e+01
  1.9221504e-01   8.0496992e+01
  1.9728973e-01   8.4215844e+01
  2.0204019e-01   8.5890570e+01
  2.0702274e-01   7.1608875e+01
  2.1209304e-01   7.0561808e+01
  2.1722515e-01   6.1673089e+01
  2.2229203e-01   6.3264966e+01
  2.2716897e-01   6.1626896e+01
  2.3208621e-01   5.4548303e+01
  2.3706324e-01   5.3013671e+01
  2.4209630e-01   4.7843366e+01
  2.4708886e-01   4.6925058e+01
  2.5223849e-01   4.1024046e+01
  2.5732923e-01   4.0650070e+01
  2.6221185e-01   3.9550214e+01
  2.6715089e-01   3.6492688e+01
  2.7206913e-01   3.5718342e+01
  2.7719028e-01   2.9704783e+01
  2.8224737e-01   3.0278719e+01
  2.8723902e-01   2.9196995e+01
  2.9220417e-01   2.6799756e+01
  2.9713400e-01   2.4723688e+01
  3.0216522e-01   2.3263970e+01
  3.0723428e-01   2.1586443e+01
  3.1227901e-01   2.1293644e+01
  3.1725066e-01   1.8823227e+01
  3.2215775e-01   1.8751715e+01
  3.2719516e-01   1.5739497e+01
  3.3219206e-01   1.5642396e+01
  3.3719196e-01   1.4003381e+01
  3.4226898e-01   1.3045467e+01
  3.4724764e-01   1.2987846e+01
  3.5215670e-01   1.1078620e+01
  3.5706391e-01   1.0791011e+01
  3.6213505e-01   9.1189457e+00
  3.6723354e-01   8.7948837e+00
  3.7225891e-01   8.0207832e+00
  3.7722627e-01   7.4365903e+00
  3.8224487e-01   6.7516228e+00
  3.8733654e-01   5.8869803e+00
  3.9226576e-01   5.8165151e+00
  3.9717060e-01   5.0293203e+00
  4.0221212e-01   4.3880006e+00
  4.0721746e-01   4.0768332e+00
  4.1225207e-01   3.4883013e+00
  4.1722273e-01   3.3522933e+00
  4.2219228e-01   2.7759112e+00
  4.2724000e-01   2.4843228e+00
  4.3231121e-01   2.1973361e+00
  4.3730787e-01   1.9047729e+00
  4.4217411e-01   1.6800417e+00
  4.4723304e-01   1.3017736e+00
  4.5233047e-01   1.1973120e+00
  4.5728741e-01   1.0072094e+00
  4.6224142e-01   8.1018653e-01
  4.6723469e-01   6.8468550e-01
  4.7227266e-01   5.4227047e-01
  4.7724018e-01   4.5326179e-01
  4.8216001e-01   3.5806007e-01
  4.8721088e-01   2.8731101e-01
  4.9224994e-01   2.5110899e-01
  4.9727019e-01   2.1657129e-01
  5.0230602e-01   1.7709304e-01
  5.0740078e-01   1.3149571e-01
  5.1249775e-01   1.3044588e-01
  5.1741244e-01   1.3007288e-01
  5.2234742e-01   1.3011232e-01
  5.2730901e-01   1.2931629e-01
  5.3233009e-01   1.2924215e-01
  5.3747281e-01   1.2848145e-01
  5.4242782e-01   1.2845231e-01
  5.4731972e-01   1.2723328e-01
  5.5232898e-01   1.2711882e-01
  5.5733483e-01   1.2694040e-01
  5.6234468e-01   1.2582907e-01
  5.6741369e-01   1.2634443e-01
  5.7243211e-01   1.2662281e-01
  5.7743378e-01   1.2574115e-01
  5.8231555e-01   1.2512177e-01
  5.8728631e-01   1.2474698e-01
  5.9237195e-01   1.2699549e-01
  5.9739156e-01   1.2487477e-01
  6.0242814e-01   1.2407909e-01
  6.0733831e-01   1.2634980e-01
  6.1216534e-01   1.2596759e-01
  6.1730342e-01   1.2545619e-01
  6.2247235e-01   1.2555088e-01
  6.2754964e-01   1.2416878e-01
  6.3248637e-01   1.2521305e-01
  6.3733464e-01   1.2538174e-01
  6.4237696e-01   1.2429312e-01
  6.4746340e-01   1.2596678e-01
  6.5252716e-01   1.2411691e-01
  6.5754505e-01   1.2342160e-01
  6.6253670e-01   1.2330837e-01
  6.6735920e-01   1.2332380e-01
  6.7206764e-01   1.2609576e-01
  6.7718157e-01   1.2369916e-01
  6.8251372e-01   1.2735519e-01
  6.8760067e-01   1.2462734e-01
  6.9301876e-01   1.2251507e-01
  6.9653308e-01   1.2364534e-01
  7.0122909e-01   1.2371655e-01
  7.0710678e-01   1.3851934e-01
