  0.0000000e+00   1.3420314e-02
  6.0355339e-03   8.9818635e-01
  1.1625704e-02   9.5648850e-01
  1.6535658e-02   9.6246838e-01
  2.1194270e-02   9.6544826e-01
  2.6643563e-02   9.6726205e-01
  3.1687384e-02   9.6715107e-01
  3.6686531e-02   9.6824025e-01
  4.1931406e-02   9.6834586e-01
  4.6938495e-02   9.6819220e-01
  5.1882930e-02   9.6886995e-01
  5.6708130e-02   9.6916450e-01
  6.1628458e-02   9.6928654e-01
  6.6941402e-02   9.6953991e-01
  7.2080259e-02   9.6951787e-01
  7.6940452e-02   9.6991580e-01
  8.2050626e-02   9.6960389e-01
  8.6947257e-02   9.7004198e-01
  9.2055923e-02   9.7014227e-01
  9.7101346e-02   9.7028235e-01
  1.0193919e-01   9.7018525e-01
  1.0713223e-01   9.7033675e-01
  1.1210916e-01   9.7030991e-01
  1.1693242e-01   9.7030826e-01
  1.2182575e-01   9.7057278e-01
  1.2695388e-01   9.7023636e-01
  1.3223922e-01   9.7028988e-01
  1.3719237e-01   9.7037667e-01
  1.4203187e-01   9.7047880e-01
  1.4699084e-01   9.7087761e-01
  1.5196609e-01   9.7065750e-01
  1.5711038e-01   9.7071195e-01
  1.6214458e-01   9.7075262e-01
  1.6723205e-01   9.7076691e-01
  1.7228499e-01   9.7087015e-01
  1.7714755e-01   9.7068758e-01
  1.8206082e-01   9.7089847e-01
  1.8699206e-01   9.7079968e-01
  1.9221504e-01   9.7097659e-01
  1.9728973e-01   9.7083659e-01
  2.0204019e-01   9.7074853e-01
  2.0702274e-01   9.7100256e-01
  2.1209304e-01   9.7090268e-01
  2.1722515e-01   9.7091085e-01
  2.2229203e-01   9.7101873e-01
  2.2716897e-01   9.7098152e-01
  2.3208621e-01   9.7110467e-01
  2.3706324e-01   9.7090534e-01
  2.4209630e-01   9.7094667e-01
  2.4708886e-01   9.7101763e-01
  2.5223849e-01   9.7112600e-01
  2.5732923e-01   9.7087247e-01
  2.6221185e-01   9.7102436e-01
  2.6715089e-01   9.7097161e-01
  2.7206913e-01   9.7106534e-01
  2.7719028e-01   9.7105685e-01
  2.8224737e-01   9.7114467e-01
  2.8723902e-01   9.7108766e-01
  2.9220417e-01   9.7110707e-01
  2.9713400e-01   9.7116086e-01
  3.0216522e-01   9.7109897e-01
  3.0723428e-01   9.7108694e-01
  3.1227901e-01   9.7110247e-01
  3.1725066e-01   9.7121576e-01
  3.2215775e-01   9.7117634e-01
  3.2719516e-01   9.7096992e-01
  3.3219206e-01   9.7118981e-01
  3.3719196e-01   9.7115521e-01
  3.4226898e-01   9.7109578e-01
  3.4724764e-01   9.7110129e-01
  3.5215670e-01   9.7127144e-01
  3.5706391e-01   9.7111267e-01
  3.6213505e-01   9.7110798e-01
  3.6723354e-01   9.7108940e-01
  3.7225891e-01   9.7118786e-01
  3.7722627e-01   9.7122812e-01
  3.8224487e-01   9.7104994e-01
  3.8733654e-01   9.7118125e-01
  3.9226576e-01   9.7110613e-01
  3.9717060e-01   9.7115895e-01
  4.0221212e-01   9.7115606e-01
  4.0721746e-01   9.7116601e-01
  4.1225207e-01   9.7120925e-01
  4.1722273e-01   9.7114520e-01
  4.2219228e-01   9.7110216e-01
  4.2724000e-01   9.7110614e-01
  4.3231121e-01   9.7127668e-01
  4.3730787e-01   9.7109776e-01
  4.4217411e-01   9.7115410e-01
  4.4723304e-01   9.7116212e-01
  4.5233047e-01   9.7127246e-01
  4.5728741e-01   9.7123122e-01
  4.6224142e-01   9.7121115e-01
  4.6723469e-01   9.7111283e-01
  4.7227266e-01   9.7122970e-01
  4.7724018e-01   9.7120576e-01
  4.8216001e-01   9.7125127e-01
  4.8721088e-01   9.7119719e-01
  4.9224994e-01   9.7111200e-01
  4.9727019e-01   9.7112206e-01
  5.0230602e-01   9.7100314e-01
  5.0740078e-01   9.7126035e-01
  5.1249775e-01   9.7123391e-01
  5.1741244e-01   9.7108324e-01
  5.2234742e-01   9.7113246e-01
  5.2730901e-01   9.7114679e-01
  5.3233009e-01   9.7113164e-01
  5.3747281e-01   9.7113834e-01
  5.4242782e-01   9.7101548e-01
  5.4731972e-01   9.7133033e-01
  5.5232898e-01   9.7119847e-01
  5.5733483e-01   9.7116565e-01
  5.6234468e-01   9.7124422e-01
  5.6741369e-01   9.7098165e-01
  5.7243211e-01   9.7117967e-01
  5.7743378e-01   9.7119178e-01
  5.8231555e-01   9.7104857e-01
  5.8728631e-01   9.7118859e-01
  5.9237195e-01   9.7138045e-01
  5.9739156e-01   9.7121225e-01
  6.0242814e-01   9.7117407e-01
  6.0733831e-01   9.7092497e-01
  6.1216534e-01   9.7088220e-01
  6.1730342e-01   9.7116978e-01
  6.2247235e-01   9.7123032e-01
  6.2754964e-01   9.7132209e-01
  6.3248637e-01   9.7106050e-01
  6.3733464e-01   9.7092643e-01
  6.4237696e-01   9.7131346e-01
  6.4746340e-01   9.7119466e-01
  6.5252716e-01   9.7099313e-01
  6.5754505e-01   9.7137106e-01
  6.6253670e-01   9.7110931e-01
  6.6735920e-01   9.7132058e-01
  6.7206764e-01   9.7112036e-01
  6.7718157e-01   9.7107973e-01
  6.8251372e-01   9.7170323e-01
  6.8760067e-01   9.7092388e-01
  6.9301876e-01   9.7123657e-01
  6.9653308e-01   9.7120269e-01
  7.0122909e-01   9.7121086e-01
  7.0710678e-01   9.7246542e-01
