  0.0000000e+00   2.1260670e+04
  6.0355339e-03   3.3597150e+04
  1.1625704e-02   5.4748669e+03
  1.6535658e-02   1.4862734e+03
  2.1194270e-02   7.0802066e+02
  2.6643563e-02   4.0221637e+02
  3.1687384e-02   2.6497121e+02
  3.6686531e-02   1.9213514e+02
  4.1931406e-02   1.6116988e+02
  4.6938495e-02   1.3535242e+02
  5.1882930e-02   1.1166868e+02
  5.6708130e-02   1.0949721e+02
  6.1628458e-02   8.7388050e+01
  6.6941402e-02   8.1113996e+01
  7.2080259e-02   7.6859772e+01
  7.6940452e-02   6.9122722e+01
  8.2050626e-02   6.3164796e+01
  8.6947257e-02   6.0159638e+01
  9.2055923e-02   5.5463469e+01
  9.7101346e-02   5.2044741e+01
  1.0193919e-01   4.8095979e+01
  1.0713223e-01   4.1293128e+01
  1.1210916e-01   4.2098512e+01
  1.1693242e-01   4.0760282e+01
  1.2182575e-01   3.7474570e+01
  1.2695388e-01   3.3850322e+01
  1.3223922e-01   3.1313382e+01
  1.3719237e-01   3.2143563e+01
  1.4203187e-01   3.0253502e+01
  1.4699084e-01   2.7263765e+01
  1.5196609e-01   2.6094844e+01
  1.5711038e-01   2.3738126e+01
  1.6214458e-01   2.3786344e+01
  1.6723205e-01   2.1143878e+01
  1.7228499e-01   2.0044511e+01
  1.7714755e-01   2.1257592e+01
  1.8206082e-01   1.8029861e+01
  1.8699206e-01   1.8137581e+01
  1.9221504e-01   1.5366012e+01
  1.9728973e-01   1.6145498e+01
  2.0204019e-01   1.6150632e+01
  2.0702274e-01   1.3632735e+01
  2.1209304e-01   1.3426814e+01
  2.1722515e-01   1.1855712e+01
  2.2229203e-01   1.1960738e+01
  2.2716897e-01   1.1773239e+01
  2.3208621e-01   1.0725016e+01
  2.3706324e-01   1.0310086e+01
  2.4209630e-01   9.3426053e+00
  2.4708886e-01   9.1890808e+00
  2.5223849e-01   8.0348075e+00
  2.5732923e-01   8.0678084e+00
  2.6221185e-01   7.9544099e+00
  2.6715089e-01   7.1064752e+00
  2.7206913e-01   7.1657584e+00
  2.7719028e-01   5.8608601e+00
  2.8224737e-01   5.9874849e+00
  2.8723902e-01   5.6304013e+00
  2.9220417e-01   5.2566518e+00
  2.9713400e-01   5.0474775e+00
  3.0216522e-01   4.5827000e+00
  3.0723428e-01   4.3410467e+00
  3.1227901e-01   4.1704238e+00
  3.1725066e-01   3.7875445e+00
  3.2215775e-01   3.6822993e+00
  3.2719516e-01   3.1725164e+00
  3.3219206e-01   3.2300428e+00
  3.3719196e-01   2.8397726e+00
  3.4226898e-01   2.6470591e+00
  3.4724764e-01   2.6521722e+00
  3.5215670e-01   2.3032749e+00
  3.5706391e-01   2.2180144e+00
  3.6213505e-01   1.9087478e+00
  3.6723354e-01   1.8265100e+00
  3.7225891e-01   1.6806529e+00
  3.7722627e-01   1.5563552e+00
  3.8224487e-01   1.4137142e+00
  3.8733654e-01   1.2587288e+00
  3.9226576e-01   1.2536305e+00
  3.9717060e-01   1.0977675e+00
  4.0221212e-01   9.7366113e-01
  4.0721746e-01   9.1626680e-01
  4.1225207e-01   7.9134709e-01
  4.1722273e-01   7.6050421e-01
  4.2219228e-01   6.4889821e-01
  4.2724000e-01   5.8667401e-01
  4.3231121e-01   5.3328647e-01
  4.3730787e-01   4.7259841e-01
  4.4217411e-01   4.3502126e-01
  4.4723304e-01   3.5780755e-01
  4.5233047e-01   3.3683303e-01
  4.5728741e-01   2.9715472e-01
  4.6224142e-01   2.6259679e-01
  4.6723469e-01   2.3330496e-01
  4.7227266e-01   2.0768076e-01
  4.7724018e-01   1.8976034e-01
  4.8216001e-01   1.7210045e-01
  4.8721088e-01   1.5726227e-01
  4.9224994e-01   1.4978509e-01
  4.9727019e-01   1.4338983e-01
  5.0230602e-01   1.3581447e-01
  5.0740078e-01   1.2616086e-01
  5.1249775e-01   1.2579579e-01
  5.1741244e-01   1.2578516e-01
  5.2234742e-01   1.2628944e-01
  5.2730901e-01   1.2583493e-01
  5.3233009e-01   1.2589714e-01
  5.3747281e-01   1.2551257e-01
  5.4242782e-01   1.2565900e-01
  5.4731972e-01   1.2483668e-01
  5.5232898e-01   1.2513759e-01
  5.5733483e-01   1.2480424e-01
  5.6234468e-01   1.2405030e-01
  5.6741369e-01   1.2475835e-01
  5.7243211e-01   1.2515107e-01
  5.7743378e-01   1.2434786e-01
  5.8231555e-01   1.2376422e-01
  5.8728631e-01   1.2352426e-01
  5.9237195e-01   1.2585848e-01
  5.9739156e-01   1.2381570e-01
  6.0242814e-01   1.2306165e-01
  6.0733831e-01   1.2545823e-01
  6.1216534e-01   1.2516757e-01
  6.1730342e-01   1.2456057e-01
  6.2247235e-01   1.2488977e-01
  6.2754964e-01   1.2338456e-01
  6.3248637e-01   1.2455319e-01
  6.3733464e-01   1.2479721e-01
  6.4237696e-01   1.2371963e-01
  6.4746340e-01   1.2530809e-01
  6.5252716e-01   1.2345921e-01
  6.5754505e-01   1.2283546e-01
  6.6253670e-01   1.2268456e-01
  6.6735920e-01   1.2286062e-01
  6.7206764e-01   1.2541951e-01
  6.7718157e-01   1.2298891e-01
  6.8251372e-01   1.2669244e-01
  6.8760067e-01   1.2412730e-01
  6.9301876e-01   1.2182526e-01
  6.9653308e-01   1.2295236e-01
  7.0122909e-01   1.2317817e-01
  7.0710678e-01   1.3781826e-01
