  0.0000000e+00             inf
  6.0355339e-03   2.7442662e+04
  1.1625704e-02   7.3898089e+03
  1.6535658e-02   3.6482812e+03
  2.1194270e-02   2.2172125e+03
  2.6643563e-02   1.3997185e+03
  3.1687384e-02   9.8696687e+02
  3.6686531e-02   7.3405069e+02
  4.1931406e-02   5.5982050e+02
  4.6938495e-02   4.4496930e+02
  5.1882930e-02   3.6260147e+02
  5.6708130e-02   3.0209245e+02
  6.1628458e-02   2.5444392e+02
  6.6941402e-02   2.1433601e+02
  7.2080259e-02   1.8367907e+02
  7.6940452e-02   1.6015923e+02
  8.2050626e-02   1.3980477e+02
  8.6947257e-02   1.2357753e+02
  9.2055923e-02   1.0933859e+02
  9.7101346e-02   9.7430768e+01
  1.0193919e-01   8.7639631e+01
  1.0713223e-01   7.8577633e+01
  1.1210916e-01   7.1054582e+01
  1.1693242e-01   6.4667548e+01
  1.2182575e-01   5.8953766e+01
  1.2695388e-01   5.3667475e+01
  1.3223922e-01   4.8857138e+01
  1.3719237e-01   4.4851036e+01
  1.4203187e-01   4.1340808e+01
  1.4699084e-01   3.8103774e+01
  1.5196609e-01   3.5175593e+01
  1.5711038e-01   3.2442208e+01
  1.6214458e-01   3.0021564e+01
  1.6723205e-01   2.7800299e+01
  1.7228499e-01   2.5792184e+01
  1.7714755e-01   2.4025440e+01
  1.8206082e-01   2.2387744e+01
  1.8699206e-01   2.0877750e+01
  1.9221504e-01   1.9409478e+01
  1.9728973e-01   1.8098963e+01
  2.0204019e-01   1.6965725e+01
  2.0702274e-01   1.5865193e+01
  2.1209304e-01   1.4829365e+01
  2.1722515e-01   1.3859362e+01
  2.2229203e-01   1.2972125e+01
  2.2716897e-01   1.2178483e+01
  2.3208621e-01   1.1433146e+01
  2.3706324e-01   1.0730240e+01
  2.4209630e-01   1.0067817e+01
  2.4708886e-01   9.4549498e+00
  2.5223849e-01   8.8652767e+00
  2.5732923e-01   8.3214206e+00
  2.6221185e-01   7.8335006e+00
  2.6715089e-01   7.3710264e+00
  2.7206913e-01   6.9393194e+00
  2.7719028e-01   6.5181597e+00
  2.8224737e-01   6.1286258e+00
  2.8723902e-01   5.7679969e+00
  2.9220417e-01   5.4311749e+00
  2.9713400e-01   5.1168887e+00
  3.0216522e-01   4.8154441e+00
  3.0723428e-01   4.5301419e+00
  3.1227901e-01   4.2633400e+00
  3.1725066e-01   4.0160320e+00
  3.2215775e-01   3.7861793e+00
  3.2719516e-01   3.5640120e+00
  3.3219206e-01   3.3565709e+00
  3.3719196e-01   3.1610999e+00
  3.4226898e-01   2.9742271e+00
  3.4724764e-01   2.8016426e+00
  3.5215670e-01   2.6411883e+00
  3.5706391e-01   2.4898668e+00
  3.6213505e-01   2.3424560e+00
  3.6723354e-01   2.2028904e+00
  3.7225891e-01   2.0732990e+00
  3.7722627e-01   1.9525246e+00
  3.8224487e-01   1.8374661e+00
  3.8733654e-01   1.7274673e+00
  3.9226576e-01   1.6270679e+00
  3.9717060e-01   1.5327728e+00
  4.0221212e-01   1.4413498e+00
  4.0721746e-01   1.3557860e+00
  4.1225207e-01   1.2746538e+00
  4.1722273e-01   1.1991307e+00
  4.2219228e-01   1.1279164e+00
  4.2724000e-01   1.0597284e+00
  4.3231121e-01   9.9519382e-01
  4.3730787e-01   9.3528127e-01
  4.4217411e-01   8.8024200e-01
  4.4723304e-01   8.2629318e-01
  4.5233047e-01   7.7511708e-01
  4.5728741e-01   7.2824364e-01
  4.6224142e-01   6.8408833e-01
  4.6723469e-01   6.4215401e-01
  4.7227266e-01   6.0231446e-01
  4.7724018e-01   5.6532591e-01
  4.8216001e-01   5.3081270e-01
  4.8721088e-01   4.9745336e-01
  4.9224994e-01   4.6614776e-01
  4.9727019e-01   4.3681077e-01
  5.0230602e-01   4.0913482e-01
  5.0740078e-01   3.8281947e-01
  5.1249775e-01   3.5809118e-01
  5.1741244e-01   3.3567535e-01
  5.2234742e-01   3.1449824e-01
  5.2730901e-01   2.9447651e-01
  5.3233009e-01   2.7543739e-01
  5.3747281e-01   2.5713887e-01
  5.4242782e-01   2.4059241e-01
  5.4731972e-01   2.2524072e-01
  5.5232898e-01   2.1047616e-01
  5.5733483e-01   1.9663208e-01
  5.6234468e-01   1.8363536e-01
  5.6741369e-01   1.7130812e-01
  5.7243211e-01   1.5987159e-01
  5.7743378e-01   1.4918846e-01
  5.8231555e-01   1.3940987e-01
  5.8728631e-01   1.3007277e-01
  5.9237195e-01   1.2112895e-01
  5.9739156e-01   1.1286927e-01
  6.0242814e-01   1.0511469e-01
  6.0733831e-01   9.8038029e-02
  6.1216534e-01   9.1518702e-02
  6.1730342e-01   8.5027347e-02
  6.2247235e-01   7.8934705e-02
  6.2754964e-01   7.3350790e-02
  6.3248637e-01   6.8278671e-02
  6.3733464e-01   6.3619319e-02
  6.4237696e-01   5.9091187e-02
  6.4746340e-01   5.4831319e-02
  6.5252716e-01   5.0878228e-02
  6.5754505e-01   4.7226247e-02
  6.6253670e-01   4.3838834e-02
  6.6735920e-01   4.0784182e-02
  6.7206764e-01   3.7995723e-02
  6.7718157e-01   3.5170692e-02
  6.8251372e-01   3.2436222e-02
  6.8760067e-01   3.0015000e-02
  6.9301876e-01   2.7623773e-02
  6.9653308e-01   2.6169910e-02
  7.0122909e-01   2.4339400e-02
  7.0710678e-01   2.2217993e-02
