  0.0000000e+00   1.0202794e-03
  6.0355339e-03   9.9051868e-04
  1.1625704e-02   1.0813022e-03
  1.6535658e-02   1.2443585e-03
  2.1194270e-02   1.5420890e-03
  2.6643563e-02   1.8722012e-03
  3.1687384e-02   2.2642436e-03
  3.6686531e-02   2.7286871e-03
  4.1931406e-02   3.3513069e-03
  4.6938495e-02   4.0323754e-03
  5.1882930e-02   4.7703845e-03
  5.6708130e-02   5.6763163e-03
  6.1628458e-02   6.5012143e-03
  6.6941402e-02   7.7332810e-03
  7.2080259e-02   9.0850744e-03
  7.6940452e-02   1.0169615e-02
  8.2050626e-02   1.1692537e-02
  8.6947257e-02   1.3125505e-02
  9.2055923e-02   1.5032255e-02
  9.7101346e-02   1.6715972e-02
  1.0193919e-01   1.8553656e-02
  1.0713223e-01   2.0382526e-02
  1.1210916e-01   2.2836583e-02
  1.1693242e-01   2.4631876e-02
  1.2182575e-01   2.6798973e-02
  1.2695388e-01   2.9272094e-02
  1.3223922e-01   3.1304508e-02
  1.3719237e-01   3.4321308e-02
  1.4203187e-01   3.7041733e-02
  1.4699084e-01   3.9378318e-02
  1.5196609e-01   4.1908361e-02
  1.5711038e-01   4.4250346e-02
  1.6214458e-01   4.7575972e-02
  1.6723205e-01   4.9874780e-02
  1.7228499e-01   5.3168610e-02
  1.7714755e-01   5.5168407e-02
  1.8206082e-01   5.7823024e-02
  1.8699206e-01   6.0245527e-02
  1.9221504e-01   6.2780377e-02
  1.9728973e-01   6.5441589e-02
  2.0204019e-01   6.7598877e-02
  2.0702274e-01   6.9800938e-02
  2.1209304e-01   7.2031054e-02
  2.1722515e-01   7.4752906e-02
  2.2229203e-01   7.6721857e-02
  2.2716897e-01   7.9293856e-02
  2.3208621e-01   8.0819096e-02
  2.3706324e-01   8.3736140e-02
  2.4209630e-01   8.5941439e-02
  2.4708886e-01   8.7279405e-02
  2.5223849e-01   8.9314729e-02
  2.5732923e-01   9.0546746e-02
  2.6221185e-01   9.2888369e-02
  2.6715089e-01   9.4524744e-02
  2.7206913e-01   9.5347353e-02
  2.7719028e-01   9.7605375e-02
  2.8224737e-01   9.9238084e-02
  2.8723902e-01   1.0055991e-01
  2.9220417e-01   1.0290315e-01
  2.9713400e-01   1.0337027e-01
  3.0216522e-01   1.0434781e-01
  3.0723428e-01   1.0567292e-01
  3.1227901e-01   1.0673636e-01
  3.1725066e-01   1.0831650e-01
  3.2215775e-01   1.0901967e-01
  3.2719516e-01   1.1028677e-01
  3.3219206e-01   1.1146464e-01
  3.3719196e-01   1.1309347e-01
  3.4226898e-01   1.1331512e-01
  3.4724764e-01   1.1442717e-01
  3.5215670e-01   1.1481491e-01
  3.5706391e-01   1.1625160e-01
  3.6213505e-01   1.1665362e-01
  3.6723354e-01   1.1781862e-01
  3.7225891e-01   1.1761064e-01
  3.7722627e-01   1.1836293e-01
  3.8224487e-01   1.1900476e-01
  3.8733654e-01   1.2054897e-01
  3.9226576e-01   1.2054045e-01
  3.9717060e-01   1.2193812e-01
  4.0221212e-01   1.2134775e-01
  4.0721746e-01   1.2272757e-01
  4.1225207e-01   1.2221358e-01
  4.1722273e-01   1.2329298e-01
  4.2219228e-01   1.2368241e-01
  4.2724000e-01   1.2340563e-01
  4.3231121e-01   1.2411878e-01
  4.3730787e-01   1.2443056e-01
  4.4217411e-01   1.2476310e-01
  4.4723304e-01   1.2504771e-01
  4.5233047e-01   1.2528306e-01
  4.5728741e-01   1.2602144e-01
  4.6224142e-01   1.2582679e-01
  4.6723469e-01   1.2535636e-01
  4.7227266e-01   1.2624324e-01
  4.7724018e-01   1.2601093e-01
  4.8216001e-01   1.2637751e-01
  4.8721088e-01   1.2611918e-01
  4.9224994e-01   1.2679545e-01
  4.9727019e-01   1.2656902e-01
  5.0230602e-01   1.2709012e-01
  5.0740078e-01   1.2653885e-01
  5.1249775e-01   1.2652205e-01
  5.1741244e-01   1.2648995e-01
  5.2234742e-01   1.2742905e-01
  5.2730901e-01   1.2720412e-01
  5.3233009e-01   1.2735944e-01
  5.3747281e-01   1.2719828e-01
  5.4242782e-01   1.2745081e-01
  5.4731972e-01   1.2670795e-01
  5.5232898e-01   1.2712290e-01
  5.5733483e-01   1.2681393e-01
  5.6234468e-01   1.2611623e-01
  5.6741369e-01   1.2683733e-01
  5.7243211e-01   1.2717538e-01
  5.7743378e-01   1.2639303e-01
  5.8231555e-01   1.2597139e-01
  5.8728631e-01   1.2555410e-01
  5.9237195e-01   1.2823801e-01
  5.9739156e-01   1.2611697e-01
  6.0242814e-01   1.2520990e-01
  6.0733831e-01   1.2779250e-01
  6.1216534e-01   1.2746364e-01
  6.1730342e-01   1.2714303e-01
  6.2247235e-01   1.2741741e-01
  6.2754964e-01   1.2549952e-01
  6.3248637e-01   1.2680369e-01
  6.3733464e-01   1.2775373e-01
  6.4237696e-01   1.2619693e-01
  6.4746340e-01   1.2771311e-01
  6.5252716e-01   1.2638992e-01
  6.5754505e-01   1.2512843e-01
  6.6253670e-01   1.2509263e-01
  6.6735920e-01   1.2532833e-01
  6.7206764e-01   1.2781953e-01
  6.7718157e-01   1.2542495e-01
  6.8251372e-01   1.2923753e-01
  6.8760067e-01   1.2696549e-01
  6.9301876e-01   1.2445732e-01
  6.9653308e-01   1.2537612e-01
  7.0122909e-01   1.2552880e-01
  7.0710678e-01   1.4056501e-01
