  0.0000000e+00   1.4999781e-01
  6.0355339e-03   9.5547228e-01
  1.1625704e-02   9.6486669e-01
  1.6535658e-02   9.6680808e-01
  2.1194270e-02   9.6853990e-01
  2.6643563e-02   9.6927594e-01
  3.1687384e-02   9.6915950e-01
  3.6686531e-02   9.6976020e-01
  4.1931406e-02   9.6971123e-01
  4.6938495e-02   9.6957158e-01
  5.1882930e-02   9.6993888e-01
  5.6708130e-02   9.7027136e-01
  6.1628458e-02   9.7017488e-01
  6.6941402e-02   9.7030521e-01
  7.2080259e-02   9.7026594e-01
  7.6940452e-02   9.7061683e-01
  8.2050626e-02   9.7024805e-01
  8.6947257e-02   9.7062642e-01
  9.2055923e-02   9.7064639e-01
  9.7101346e-02   9.7076580e-01
  1.0193919e-01   9.7065488e-01
  1.0713223e-01   9.7072384e-01
  1.1210916e-01   9.7070302e-01
  1.1693242e-01   9.7067901e-01
  1.2182575e-01   9.7090966e-01
  1.2695388e-01   9.7051764e-01
  1.3223922e-01   9.7055016e-01
  1.3719237e-01   9.7064481e-01
  1.4203187e-01   9.7070420e-01
  1.4699084e-01   9.7111916e-01
  1.5196609e-01   9.7086574e-01
  1.5711038e-01   9.7088226e-01
  1.6214458e-01   9.7093579e-01
  1.6723205e-01   9.7093330e-01
  1.7228499e-01   9.7102233e-01
  1.7714755e-01   9.7085440e-01
  1.8206082e-01   9.7103186e-01
  1.8699206e-01   9.7093616e-01
  1.9221504e-01   9.7108388e-01
  1.9728973e-01   9.7095574e-01
  2.0204019e-01   9.7086593e-01
  2.0702274e-01   9.7110659e-01
  2.1209304e-01   9.7100427e-01
  2.1722515e-01   9.7099377e-01
  2.2229203e-01   9.7110436e-01
  2.2716897e-01   9.7106513e-01
  2.3208621e-01   9.7117605e-01
  2.3706324e-01   9.7097592e-01
  2.4209630e-01   9.7100661e-01
  2.4708886e-01   9.7107616e-01
  2.5223849e-01   9.7117970e-01
  2.5732923e-01   9.7092188e-01
  2.6221185e-01   9.7107010e-01
  2.6715089e-01   9.7100892e-01
  2.7206913e-01   9.7109920e-01
  2.7719028e-01   9.7108746e-01
  2.8224737e-01   9.7117313e-01
  2.8723902e-01   9.7111221e-01
  2.9220417e-01   9.7112834e-01
  2.9713400e-01   9.7117454e-01
  3.0216522e-01   9.7111345e-01
  3.0723428e-01   9.7109784e-01
  3.1227901e-01   9.7111098e-01
  3.1725066e-01   9.7122073e-01
  3.2215775e-01   9.7118011e-01
  3.2719516e-01   9.7097055e-01
  3.3219206e-01   9.7118807e-01
  3.3719196e-01   9.7115178e-01
  3.4226898e-01   9.7109078e-01
  3.4724764e-01   9.7109606e-01
  3.5215670e-01   9.7126354e-01
  3.5706391e-01   9.7110341e-01
  3.6213505e-01   9.7109768e-01
  3.6723354e-01   9.7107856e-01
  3.7225891e-01   9.7117334e-01
  3.7722627e-01   9.7121172e-01
  3.8224487e-01   9.7103518e-01
  3.8733654e-01   9.7116366e-01
  3.9226576e-01   9.7108698e-01
  3.9717060e-01   9.7113883e-01
  4.0221212e-01   9.7113808e-01
  4.0721746e-01   9.7114613e-01
  4.1225207e-01   9.7118780e-01
  4.1722273e-01   9.7112180e-01
  4.2219228e-01   9.7107819e-01
  4.2724000e-01   9.7108311e-01
  4.3231121e-01   9.7125101e-01
  4.3730787e-01   9.7107369e-01
  4.4217411e-01   9.7112869e-01
  4.4723304e-01   9.7113944e-01
  4.5233047e-01   9.7124856e-01
  4.5728741e-01   9.7120562e-01
  4.6224142e-01   9.7118584e-01
  4.6723469e-01   9.7108806e-01
  4.7227266e-01   9.7120442e-01
  4.7724018e-01   9.7117933e-01
  4.8216001e-01   9.7122535e-01
  4.8721088e-01   9.7117195e-01
  4.9224994e-01   9.7108677e-01
  4.9727019e-01   9.7109704e-01
  5.0230602e-01   9.7098686e-01
  5.0740078e-01   9.7125545e-01
  5.1249775e-01   9.7122920e-01
  5.1741244e-01   9.7107911e-01
  5.2234742e-01   9.7112767e-01
  5.2730901e-01   9.7114237e-01
  5.3233009e-01   9.7112712e-01
  5.3747281e-01   9.7113376e-01
  5.4242782e-01   9.7101093e-01
  5.4731972e-01   9.7132553e-01
  5.5232898e-01   9.7119399e-01
  5.5733483e-01   9.7116069e-01
  5.6234468e-01   9.7124005e-01
  5.6741369e-01   9.7097758e-01
  5.7243211e-01   9.7117500e-01
  5.7743378e-01   9.7118683e-01
  5.8231555e-01   9.7104426e-01
  5.8728631e-01   9.7118472e-01
  5.9237195e-01   9.7137631e-01
  5.9739156e-01   9.7120817e-01
  6.0242814e-01   9.7116898e-01
  6.0733831e-01   9.7092113e-01
  6.1216534e-01   9.7087807e-01
  6.1730342e-01   9.7116575e-01
  6.2247235e-01   9.7122609e-01
  6.2754964e-01   9.7131754e-01
  6.3248637e-01   9.7105572e-01
  6.3733464e-01   9.7092252e-01
  6.4237696e-01   9.7130907e-01
  6.4746340e-01   9.7119066e-01
  6.5252716e-01   9.7098824e-01
  6.5754505e-01   9.7136725e-01
  6.6253670e-01   9.7110400e-01
  6.6735920e-01   9.7131591e-01
  6.7206764e-01   9.7111579e-01
  6.7718157e-01   9.7107512e-01
  6.8251372e-01   9.7170003e-01
  6.8760067e-01   9.7091932e-01
  6.9301876e-01   9.7123245e-01
  6.9653308e-01   9.7119770e-01
  7.0122909e-01   9.7120739e-01
  7.0710678e-01   9.7245942e-01
