  0.0000000e+00   4.8089451e-07
  6.0355339e-03   8.5958795e+02
  1.1625704e-02   7.8988391e+02
  1.6535658e-02   7.2722726e+02
  2.1194270e-02   6.3959902e+02
  2.6643563e-02   5.5031550e+02
  3.1687384e-02   4.8079415e+02
  3.6686531e-02   4.0597480e+02
  4.1931406e-02   3.4407125e+02
  4.6938495e-02   2.9519422e+02
  5.1882930e-02   2.5934829e+02
  5.6708130e-02   2.2711913e+02
  6.1628458e-02   2.0065520e+02
  6.6941402e-02   1.7351514e+02
  7.2080259e-02   1.5235710e+02
  7.6940452e-02   1.3770978e+02
  8.2050626e-02   1.2176651e+02
  8.6947257e-02   1.0898159e+02
  9.2055923e-02   9.8038467e+01
  9.7101346e-02   8.7595747e+01
  1.0193919e-01   8.0366803e+01
  1.0713223e-01   7.2859387e+01
  1.1210916e-01   6.5642717e+01
  1.1693242e-01   5.9998242e+01
  1.2182575e-01   5.6172597e+01
  1.2695388e-01   5.0872894e+01
  1.3223922e-01   4.6490794e+01
  1.3719237e-01   4.2450803e+01
  1.4203187e-01   3.9583195e+01
  1.4699084e-01   3.6683999e+01
  1.5196609e-01   3.4202442e+01
  1.5711038e-01   3.1372438e+01
  1.6214458e-01   2.9050419e+01
  1.6723205e-01   2.6802230e+01
  1.7228499e-01   2.4962162e+01
  1.7714755e-01   2.3357050e+01
  1.8206082e-01   2.1894780e+01
  1.8699206e-01   2.0405942e+01
  1.9221504e-01   1.9067416e+01
  1.9728973e-01   1.7663836e+01
  2.0204019e-01   1.6594849e+01
  2.0702274e-01   1.5527154e+01
  2.1209304e-01   1.4524574e+01
  2.1722515e-01   1.3529515e+01
  2.2229203e-01   1.2751509e+01
  2.2716897e-01   1.1958518e+01
  2.3208621e-01   1.1176685e+01
  2.3706324e-01   1.0539387e+01
  2.4209630e-01   9.9665974e+00
  2.4708886e-01   9.3478902e+00
  2.5223849e-01   8.7551110e+00
  2.5732923e-01   8.2318065e+00
  2.6221185e-01   7.7662939e+00
  2.6715089e-01   7.2797439e+00
  2.7206913e-01   6.8536062e+00
  2.7719028e-01   6.4013839e+00
  2.8224737e-01   6.0512395e+00
  2.8723902e-01   5.6616825e+00
  2.9220417e-01   5.3827636e+00
  2.9713400e-01   5.0680300e+00
  3.0216522e-01   4.7413495e+00
  3.0723428e-01   4.4841710e+00
  3.1227901e-01   4.2092529e+00
  3.1725066e-01   3.9620569e+00
  3.2215775e-01   3.7584723e+00
  3.2719516e-01   3.5447898e+00
  3.3219206e-01   3.2938602e+00
  3.3719196e-01   3.1109033e+00
  3.4226898e-01   2.9477949e+00
  3.4724764e-01   2.7691217e+00
  3.5215670e-01   2.6082258e+00
  3.5706391e-01   2.4559374e+00
  3.6213505e-01   2.3204077e+00
  3.6723354e-01   2.1689881e+00
  3.7225891e-01   2.0416746e+00
  3.7722627e-01   1.9261608e+00
  3.8224487e-01   1.8227018e+00
  3.8733654e-01   1.7022919e+00
  3.9226576e-01   1.6135085e+00
  3.9717060e-01   1.5126545e+00
  4.0221212e-01   1.4275589e+00
  4.0721746e-01   1.3447033e+00
  4.1225207e-01   1.2600198e+00
  4.1722273e-01   1.1882172e+00
  4.2219228e-01   1.1115630e+00
  4.2724000e-01   1.0468505e+00
  4.3231121e-01   9.8044889e-01
  4.3730787e-01   9.2449367e-01
  4.4217411e-01   8.6570205e-01
  4.4723304e-01   8.1438929e-01
  4.5233047e-01   7.6456111e-01
  4.5728741e-01   7.1832797e-01
  4.6224142e-01   6.7362856e-01
  4.6723469e-01   6.3415902e-01
  4.7227266e-01   5.9399818e-01
  4.7724018e-01   5.5956932e-01
  4.8216001e-01   5.2857041e-01
  4.8721088e-01   4.9152153e-01
  4.9224994e-01   4.6017953e-01
  4.9727019e-01   4.3178268e-01
  5.0230602e-01   4.0429156e-01
  5.0740078e-01   3.7918604e-01
  5.1249775e-01   3.5310964e-01
  5.1741244e-01   3.3220869e-01
  5.2234742e-01   3.1046214e-01
  5.2730901e-01   2.8972675e-01
  5.3233009e-01   2.7294934e-01
  5.3747281e-01   2.5300797e-01
  5.4242782e-01   2.3709428e-01
  5.4731972e-01   2.2265320e-01
  5.5232898e-01   2.0817844e-01
  5.5733483e-01   1.9411526e-01
  5.6234468e-01   1.8164685e-01
  5.6741369e-01   1.6934205e-01
  5.7243211e-01   1.5808760e-01
  5.7743378e-01   1.4726054e-01
  5.8231555e-01   1.3729989e-01
  5.8728631e-01   1.2800225e-01
  5.9237195e-01   1.1979270e-01
  5.9739156e-01   1.1213402e-01
  6.0242814e-01   1.0503269e-01
  6.0733831e-01   9.7723323e-02
  6.1216534e-01   9.0403954e-02
  6.1730342e-01   8.3910139e-02
  6.2247235e-01   7.7201257e-02
  6.2754964e-01   7.2167457e-02
  6.3248637e-01   6.6810206e-02
  6.3733464e-01   6.3201744e-02
  6.4237696e-01   5.8335785e-02
  6.4746340e-01   5.3911431e-02
  6.5252716e-01   5.0046752e-02
  6.5754505e-01   4.6217667e-02
  6.6253670e-01   4.3348461e-02
  6.6735920e-01   4.0149323e-02
  6.7206764e-01   3.8017690e-02
  6.7718157e-01   3.4188845e-02
  6.8251372e-01   3.1567636e-02
  6.8760067e-01   2.9761527e-02
  6.9301876e-01   2.7585998e-02
  6.9653308e-01   2.5521986e-02
  7.0122909e-01   2.4325032e-02
  7.0710678e-01   2.0103699e-02
