  0.0000000e+00   3.0211678e-03
  6.0355339e-03   1.2348149e+03
  1.1625704e-02   1.6178603e+03
  1.6535658e-02   1.6495711e+03
  2.1194270e-02   1.4002430e+03
  2.6643563e-02   1.0890955e+03
  3.1687384e-02   8.6696637e+02
  3.6686531e-02   6.6507311e+02
  4.1931406e-02   5.2234348e+02
  4.6938495e-02   4.1849232e+02
  5.1882930e-02   3.4900907e+02
  5.6708130e-02   2.9128552e+02
  6.1628458e-02   2.4887466e+02
  6.6941402e-02   2.0823915e+02
  7.2080259e-02   1.7815936e+02
  7.6940452e-02   1.5742956e+02
  8.2050626e-02   1.3691311e+02
  8.6947257e-02   1.2062678e+02
  9.2055923e-02   1.0706827e+02
  9.7101346e-02   9.4636060e+01
  1.0193919e-01   8.6031230e+01
  1.0713223e-01   7.7367598e+01
  1.1210916e-01   6.9205931e+01
  1.1693242e-01   6.2887771e+01
  1.2182575e-01   5.8574098e+01
  1.2695388e-01   5.2805031e+01
  1.3223922e-01   4.8064860e+01
  1.3719237e-01   4.3732161e+01
  1.4203187e-01   4.0637427e+01
  1.4699084e-01   3.7584289e+01
  1.5196609e-01   3.4939648e+01
  1.5711038e-01   3.1988644e+01
  1.6214458e-01   2.9548874e+01
  1.6723205e-01   2.7231313e+01
  1.7228499e-01   2.5316694e+01
  1.7714755e-01   2.3655677e+01
  1.8206082e-01   2.2153399e+01
  1.8699206e-01   2.0621680e+01
  1.9221504e-01   1.9252947e+01
  1.9728973e-01   1.7814152e+01
  2.0204019e-01   1.6725590e+01
  2.0702274e-01   1.5638284e+01
  2.1209304e-01   1.4620580e+01
  2.1722515e-01   1.3612114e+01
  2.2229203e-01   1.2820676e+01
  2.2716897e-01   1.2017032e+01
  2.3208621e-01   1.1226372e+01
  2.3706324e-01   1.0582206e+01
  2.4209630e-01   1.0002937e+01
  2.4708886e-01   9.3789593e+00
  2.5223849e-01   8.7811229e+00
  2.5732923e-01   8.2545315e+00
  2.6221185e-01   7.7847908e+00
  2.6715089e-01   7.2958949e+00
  2.7206913e-01   6.8664547e+00
  2.7719028e-01   6.4122568e+00
  2.8224737e-01   6.0602397e+00
  2.8723902e-01   5.6690401e+00
  2.9220417e-01   5.3885895e+00
  2.9713400e-01   5.0729365e+00
  3.0216522e-01   4.7450180e+00
  3.0723428e-01   4.4873501e+00
  3.1227901e-01   4.2115310e+00
  3.1725066e-01   3.9634795e+00
  3.2215775e-01   3.7597002e+00
  3.2719516e-01   3.5454461e+00
  3.3219206e-01   3.2941242e+00
  3.3719196e-01   3.1109285e+00
  3.4226898e-01   2.9474728e+00
  3.4724764e-01   2.7687070e+00
  3.5215670e-01   2.6076343e+00
  3.5706391e-01   2.4552167e+00
  3.6213505e-01   2.3196106e+00
  3.6723354e-01   2.1680224e+00
  3.7225891e-01   2.0406545e+00
  3.7722627e-01   1.9251286e+00
  3.8224487e-01   1.8216125e+00
  3.8733654e-01   1.7012689e+00
  3.9226576e-01   1.6123997e+00
  3.9717060e-01   1.5116208e+00
  4.0221212e-01   1.4264862e+00
  4.0721746e-01   1.3436419e+00
  4.1225207e-01   1.2590122e+00
  4.1722273e-01   1.1872247e+00
  4.2219228e-01   1.1106418e+00
  4.2724000e-01   1.0459518e+00
  4.3231121e-01   9.7956676e-01
  4.3730787e-01   9.2366918e-01
  4.4217411e-01   8.6489565e-01
  4.4723304e-01   8.1362931e-01
  4.5233047e-01   7.6382732e-01
  4.5728741e-01   7.1762481e-01
  4.6224142e-01   6.7296973e-01
  4.6723469e-01   6.3352703e-01
  4.7227266e-01   5.9343532e-01
  4.7724018e-01   5.5901806e-01
  4.8216001e-01   5.2805941e-01
  4.8721088e-01   4.9104088e-01
  4.9224994e-01   4.5972290e-01
  4.9727019e-01   4.3136677e-01
  5.0230602e-01   4.0387758e-01
  5.0740078e-01   3.7881862e-01
  5.1249775e-01   3.5279651e-01
  5.1741244e-01   3.3193711e-01
  5.2234742e-01   3.1023177e-01
  5.2730901e-01   2.8952573e-01
  5.3233009e-01   2.7277784e-01
  5.3747281e-01   2.5285706e-01
  5.4242782e-01   2.3696707e-01
  5.4731972e-01   2.2254031e-01
  5.5232898e-01   2.0807427e-01
  5.5733483e-01   1.9402978e-01
  5.6234468e-01   1.8156825e-01
  5.6741369e-01   1.6927312e-01
  5.7243211e-01   1.5802664e-01
  5.7743378e-01   1.4720620e-01
  5.8231555e-01   1.3725174e-01
  5.8728631e-01   1.2795890e-01
  5.9237195e-01   1.1975550e-01
  5.9739156e-01   1.1209960e-01
  6.0242814e-01   1.0500246e-01
  6.0733831e-01   9.7696418e-02
  6.1216534e-01   9.0379435e-02
  6.1730342e-01   8.3889287e-02
  6.2247235e-01   7.7182298e-02
  6.2754964e-01   7.2150562e-02
  6.3248637e-01   6.6795138e-02
  6.3733464e-01   6.3187776e-02
  6.4237696e-01   5.8323825e-02
  6.4746340e-01   5.3900675e-02
  6.5252716e-01   5.0037269e-02
  6.5754505e-01   4.6209513e-02
  6.6253670e-01   4.3340439e-02
  6.6735920e-01   4.0142403e-02
  6.7206764e-01   3.8010941e-02
  6.7718157e-01   3.4183120e-02
  6.8251372e-01   3.1562850e-02
  6.8760067e-01   2.9756394e-02
  6.9301876e-01   2.7581452e-02
  6.9653308e-01   2.5517923e-02
  7.0122909e-01   2.4321308e-02
  7.0710678e-01   2.0100791e-02
