  0.0000000e+00   3.1217535e-12
  6.0355339e-03   2.9299297e-02
  1.1625704e-02   1.0103625e-01
  1.6535658e-02   1.9368669e-01
  2.1194270e-02   2.8858499e-01
  2.6643563e-02   3.8132270e-01
  3.1687384e-02   4.6536673e-01
  3.6686531e-02   5.3751417e-01
  4.1931406e-02   5.9839375e-01
  4.6938495e-02   6.5275876e-01
  5.1882930e-02   6.9568647e-01
  5.6708130e-02   7.3609025e-01
  6.1628458e-02   7.6508628e-01
  6.6941402e-02   7.9373330e-01
  7.2080259e-02   8.1712891e-01
  7.6940452e-02   8.3801382e-01
  8.2050626e-02   8.5295920e-01
  8.6947257e-02   8.6811870e-01
  9.2055923e-02   8.8051894e-01
  9.7101346e-02   8.9126735e-01
  1.0193919e-01   8.9991730e-01
  1.0713223e-01   9.0804971e-01
  1.1210916e-01   9.1497651e-01
  1.1693242e-01   9.2063918e-01
  1.2182575e-01   9.2617958e-01
  1.2695388e-01   9.3032039e-01
  1.3223922e-01   9.3455431e-01
  1.3719237e-01   9.3809773e-01
  1.4203187e-01   9.4176245e-01
  1.4699084e-01   9.4445736e-01
  1.5196609e-01   9.4712957e-01
  1.5711038e-01   9.4923101e-01
  1.6214458e-01   9.5158316e-01
  1.6723205e-01   9.5309051e-01
  1.7228499e-01   9.5494164e-01
  1.7714755e-01   9.5620139e-01
  1.8206082e-01   9.5758262e-01
  1.8699206e-01   9.5866005e-01
  1.9221504e-01   9.5997301e-01
  1.9728973e-01   9.6095753e-01
  2.0204019e-01   9.6157969e-01
  2.0702274e-01   9.6268291e-01
  2.1209304e-01   9.6317366e-01
  2.1722515e-01   9.6383811e-01
  2.2229203e-01   9.6462346e-01
  2.2716897e-01   9.6515885e-01
  2.3208621e-01   9.6587272e-01
  2.3706324e-01   9.6605034e-01
  2.4209630e-01   9.6661756e-01
  2.4708886e-01   9.6703210e-01
  2.5223849e-01   9.6756776e-01
  2.5732923e-01   9.6757640e-01
  2.6221185e-01   9.6812605e-01
  2.6715089e-01   9.6831821e-01
  2.7206913e-01   9.6877763e-01
  2.7719028e-01   9.6901164e-01
  2.8224737e-01   9.6932772e-01
  2.8723902e-01   9.6949591e-01
  2.9220417e-01   9.6978070e-01
  2.9713400e-01   9.6997928e-01
  3.0216522e-01   9.7014655e-01
  3.0723428e-01   9.7023194e-01
  3.1227901e-01   9.7043793e-01
  3.1725066e-01   9.7077252e-01
  3.2215775e-01   9.7078257e-01
  3.2719516e-01   9.7074383e-01
  3.3219206e-01   9.7110756e-01
  3.3719196e-01   9.7115899e-01
  3.4226898e-01   9.7122804e-01
  3.4724764e-01   9.7130712e-01
  3.5215670e-01   9.7155972e-01
  3.5706391e-01   9.7148592e-01
  3.6213505e-01   9.7155482e-01
  3.6723354e-01   9.7164462e-01
  3.7225891e-01   9.7181969e-01
  3.7722627e-01   9.7190456e-01
  3.8224487e-01   9.7180245e-01
  3.8733654e-01   9.7194262e-01
  3.9226576e-01   9.7198733e-01
  3.9717060e-01   9.7202986e-01
  4.0221212e-01   9.7210034e-01
  4.0721746e-01   9.7216044e-01
  4.1225207e-01   9.7221424e-01
  4.1722273e-01   9.7220453e-01
  4.2219228e-01   9.7215568e-01
  4.2724000e-01   9.7219939e-01
  4.3231121e-01   9.7241412e-01
  4.3730787e-01   9.7223092e-01
  4.4217411e-01   9.7234635e-01
  4.4723304e-01   9.7232355e-01
  4.5233047e-01   9.7248730e-01
  4.5728741e-01   9.7246967e-01
  4.6224142e-01   9.7243899e-01
  4.6723469e-01   9.7236582e-01
  4.7227266e-01   9.7242636e-01
  4.7724018e-01   9.7245490e-01
  4.8216001e-01   9.7247737e-01
  4.8721088e-01   9.7242992e-01
  4.9224994e-01   9.7236639e-01
  4.9727019e-01   9.7233377e-01
  5.0230602e-01   9.7218467e-01
  5.0740078e-01   9.7224787e-01
  5.1249775e-01   9.7212267e-01
  5.1741244e-01   9.7189742e-01
  5.2234742e-01   9.7187057e-01
  5.2730901e-01   9.7183675e-01
  5.3233009e-01   9.7175340e-01
  5.3747281e-01   9.7172754e-01
  5.4242782e-01   9.7154704e-01
  5.4731972e-01   9.7183390e-01
  5.5232898e-01   9.7169394e-01
  5.5733483e-01   9.7160080e-01
  5.6234468e-01   9.7167184e-01
  5.6741369e-01   9.7138371e-01
  5.7243211e-01   9.7156341e-01
  5.7743378e-01   9.7155722e-01
  5.8231555e-01   9.7139539e-01
  5.8728631e-01   9.7152687e-01
  5.9237195e-01   9.7168990e-01
  5.9739156e-01   9.7151635e-01
  6.0242814e-01   9.7146098e-01
  6.0733831e-01   9.7119907e-01
  6.1216534e-01   9.7115712e-01
  6.1730342e-01   9.7142047e-01
  6.2247235e-01   9.7147657e-01
  6.2754964e-01   9.7155610e-01
  6.3248637e-01   9.7128281e-01
  6.3733464e-01   9.7114733e-01
  6.4237696e-01   9.7152044e-01
  6.4746340e-01   9.7139606e-01
  6.5252716e-01   9.7118285e-01
  6.5754505e-01   9.7155224e-01
  6.6253670e-01   9.7129226e-01
  6.6735920e-01   9.7149395e-01
  6.7206764e-01   9.7129823e-01
  6.7718157e-01   9.7124697e-01
  6.8251372e-01   9.7185713e-01
  6.8760067e-01   9.7109509e-01
  6.9301876e-01   9.7140756e-01
  6.9653308e-01   9.7135942e-01
  7.0122909e-01   9.7137023e-01
  7.0710678e-01   9.7258685e-01
