  0.0000000e+00   1.9612079e-08
  6.0355339e-03   4.2089013e-02
  1.1625704e-02   2.0694502e-01
  1.6535658e-02   4.3933992e-01
  2.1194270e-02   6.3178507e-01
  2.6643563e-02   7.5465226e-01
  3.1687384e-02   8.3914770e-01
  3.6686531e-02   8.8056259e-01
  4.1931406e-02   9.0843706e-01
  4.6938495e-02   9.2540608e-01
  5.1882930e-02   9.3619621e-01
  5.6708130e-02   9.4405271e-01
  6.1628458e-02   9.4894420e-01
  6.6941402e-02   9.5257594e-01
  7.2080259e-02   9.5551282e-01
  7.6940452e-02   9.5801581e-01
  8.2050626e-02   9.5905924e-01
  8.6947257e-02   9.6088122e-01
  9.2055923e-02   9.6161887e-01
  9.7101346e-02   9.6290098e-01
  1.0193919e-01   9.6334543e-01
  1.0713223e-01   9.6423574e-01
  1.1210916e-01   9.6464321e-01
  1.1693242e-01   9.6497737e-01
  1.2182575e-01   9.6577578e-01
  1.2695388e-01   9.6565367e-01
  1.3223922e-01   9.6619607e-01
  1.3719237e-01   9.6641378e-01
  1.4203187e-01   9.6684471e-01
  1.4699084e-01   9.6763601e-01
  1.5196609e-01   9.6754419e-01
  1.5711038e-01   9.6787546e-01
  1.6214458e-01   9.6791069e-01
  1.6723205e-01   9.6834876e-01
  1.7228499e-01   9.6850446e-01
  1.7714755e-01   9.6842671e-01
  1.8206082e-01   9.6889349e-01
  1.8699206e-01   9.6879531e-01
  1.9221504e-01   9.6931381e-01
  1.9728973e-01   9.6913510e-01
  2.0204019e-01   9.6915541e-01
  2.0702274e-01   9.6957296e-01
  2.1209304e-01   9.6954014e-01
  2.1722515e-01   9.6972243e-01
  2.2229203e-01   9.6985579e-01
  2.2716897e-01   9.6988146e-01
  2.3208621e-01   9.7016659e-01
  2.3706324e-01   9.6997517e-01
  2.4209630e-01   9.7014198e-01
  2.4708886e-01   9.7024618e-01
  2.5223849e-01   9.7044246e-01
  2.5732923e-01   9.7024753e-01
  2.6221185e-01   9.7043182e-01
  2.6715089e-01   9.7046655e-01
  2.7206913e-01   9.7059380e-01
  2.7719028e-01   9.7065753e-01
  2.8224737e-01   9.7076943e-01
  2.8723902e-01   9.7075582e-01
  2.9220417e-01   9.7083032e-01
  2.9713400e-01   9.7091834e-01
  3.0216522e-01   9.7089718e-01
  3.0723428e-01   9.7091979e-01
  3.1227901e-01   9.7096315e-01
  3.1725066e-01   9.7112108e-01
  3.2215775e-01   9.7109973e-01
  3.2719516e-01   9.7092355e-01
  3.3219206e-01   9.7118539e-01
  3.3719196e-01   9.7116686e-01
  3.4226898e-01   9.7112191e-01
  3.4724764e-01   9.7116165e-01
  3.5215670e-01   9.7133938e-01
  3.5706391e-01   9.7120084e-01
  3.6213505e-01   9.7122107e-01
  3.6723354e-01   9.7121201e-01
  3.7225891e-01   9.7133413e-01
  3.7722627e-01   9.7138374e-01
  3.8224487e-01   9.7122168e-01
  3.8733654e-01   9.7135853e-01
  3.9226576e-01   9.7131939e-01
  3.9717060e-01   9.7136561e-01
  4.0221212e-01   9.7136988e-01
  4.0721746e-01   9.7139309e-01
  4.1225207e-01   9.7143679e-01
  4.1722273e-01   9.7139247e-01
  4.2219228e-01   9.7135001e-01
  4.2724000e-01   9.7136478e-01
  4.3231121e-01   9.7153922e-01
  4.3730787e-01   9.7136385e-01
  4.4217411e-01   9.7144061e-01
  4.4723304e-01   9.7141619e-01
  4.5233047e-01   9.7155395e-01
  4.5728741e-01   9.7151774e-01
  4.6224142e-01   9.7148791e-01
  4.6723469e-01   9.7139678e-01
  4.7227266e-01   9.7150491e-01
  4.7724018e-01   9.7149689e-01
  4.8216001e-01   9.7153722e-01
  4.8721088e-01   9.7147900e-01
  4.9224994e-01   9.7140152e-01
  4.9727019e-01   9.7139718e-01
  5.0230602e-01   9.7118919e-01
  5.0740078e-01   9.7130579e-01
  5.1249775e-01   9.7126062e-01
  5.1741244e-01   9.7110290e-01
  5.2234742e-01   9.7114942e-01
  5.2730901e-01   9.7116246e-01
  5.3233009e-01   9.7114282e-01
  5.3747281e-01   9.7114794e-01
  5.4242782e-01   9.7102577e-01
  5.4731972e-01   9.7134115e-01
  5.5232898e-01   9.7120772e-01
  5.5733483e-01   9.7117295e-01
  5.6234468e-01   9.7125139e-01
  5.6741369e-01   9.7098831e-01
  5.7243211e-01   9.7118877e-01
  5.7743378e-01   9.7119871e-01
  5.8231555e-01   9.7105473e-01
  5.8728631e-01   9.7119785e-01
  5.9237195e-01   9.7138815e-01
  5.9739156e-01   9.7121814e-01
  6.0242814e-01   9.7118138e-01
  6.0733831e-01   9.7093168e-01
  6.1216534e-01   9.7089373e-01
  6.1730342e-01   9.7117906e-01
  6.2247235e-01   9.7123799e-01
  6.2754964e-01   9.7132865e-01
  6.3248637e-01   9.7106376e-01
  6.3733464e-01   9.7093270e-01
  6.4237696e-01   9.7132126e-01
  6.4746340e-01   9.7120225e-01
  6.5252716e-01   9.7099883e-01
  6.5754505e-01   9.7138083e-01
  6.6253670e-01   9.7111252e-01
  6.6735920e-01   9.7132651e-01
  6.7206764e-01   9.7112581e-01
  6.7718157e-01   9.7108433e-01
  6.8251372e-01   9.7170979e-01
  6.8760067e-01   9.7092760e-01
  6.9301876e-01   9.7124748e-01
  6.9653308e-01   9.7120478e-01
  7.0122909e-01   9.7122152e-01
  7.0710678e-01   9.7244617e-01
