  1.0000000e+00   2.2099995e-07   1.0000000e+00
  1.0974988e+00   2.9214890e-07   1.0000000e+00
  1.2045035e+00   3.8620362e-07   1.0000000e+00
  1.3219411e+00   5.1053839e-07   1.0000000e+00
  1.4508288e+00   6.7490161e-07   1.0000000e+00
  1.5922828e+00   8.9218003e-07   1.0000000e+00
  1.7475284e+00   1.1794091e-06   1.0000000e+00
  1.9179103e+00   1.5591089e-06   1.0000000e+00
  2.1049041e+00   2.0610492e-06   1.0000000e+00
  2.3101297e+00   2.7245839e-06   1.0000000e+00
  2.5353645e+00   3.6017364e-06   1.0000000e+00
  2.7825594e+00   4.7612780e-06   1.0000000e+00
  3.0538555e+00   6.2941196e-06   1.0000000e+00
  3.3516027e+00   8.3204389e-06   1.0000000e+00
  3.6783798e+00   1.0999101e-05   1.0000000e+00
  4.0370173e+00   1.4540113e-05   1.0000001e+00
  4.4306215e+00   1.9221084e-05   1.0000001e+00
  4.8626016e+00   2.5408984e-05   1.0000001e+00
  5.3366992e+00   3.3588907e-05   1.0000002e+00
  5.8570208e+00   4.4402078e-05   1.0000002e+00
  6.4280731e+00   5.8696095e-05   1.0000003e+00
  7.0548023e+00   7.7591316e-05   1.0000004e+00
  7.7426368e+00   1.0256859e-04   1.0000005e+00
  8.4975344e+00   1.3558516e-04   1.0000006e+00
  9.3260335e+00   1.7922779e-04   1.0000008e+00
  1.0235310e+01   2.3691491e-04   1.0000011e+00
  1.1233240e+01   3.1316369e-04   1.0000014e+00
  1.2328467e+01   4.1394223e-04   1.0000019e+00
  1.3530478e+01   5.4713435e-04   1.0000025e+00
  1.4849683e+01   7.2315204e-04   1.0000033e+00
  1.6297508e+01   9.5574193e-04   1.0000043e+00
  1.7886495e+01   1.2630460e-03   1.0000057e+00
  1.9630407e+01   1.6689938e-03   1.0000076e+00
  2.1544347e+01   2.2051267e-03   1.0000100e+00
  2.3644894e+01   2.9129797e-03   1.0000132e+00
  2.5950242e+01   3.8471798e-03   1.0000175e+00
  2.8480359e+01   5.0794541e-03   1.0000231e+00
  3.1257158e+01   6.7037767e-03   1.0000305e+00
  3.4304693e+01   8.8429134e-03   1.0000404e+00
  3.7649358e+01   1.1656626e-02   1.0000534e+00
  4.1320124e+01   1.5351762e-02   1.0000705e+00
  4.5348785e+01   2.0194318e-02   1.0000933e+00
  4.9770236e+01   2.6523262e-02   1.0001233e+00
  5.4622772e+01   3.4765333e-02   1.0001630e+00
  5.9948425e+01   4.5449041e-02   1.0002154e+00
  6.5793322e+01   5.9214536e-02   1.0002848e+00
  7.2208090e+01   7.6813784e-02   1.0003765e+00
  7.9248290e+01   9.9092785e-02   1.0004977e+00
  8.6974900e+01   1.2694502e-01   1.0006579e+00
  9.5454846e+01   1.6122478e-01   1.0008697e+00
  1.0476158e+02   2.0261307e-01   1.0011498e+00
  1.1497570e+02   2.5144117e-01   1.0015199e+00
  1.2618569e+02   3.0749864e-01   1.0020092e+00
  1.3848864e+02   3.6987845e-01   1.0026561e+00
  1.5199111e+02   4.3692850e-01   1.0035112e+00
  1.6681005e+02   5.0636569e-01   1.0046416e+00
  1.8307383e+02   5.7555818e-01   1.0061359e+00
  2.0092330e+02   6.4191065e-01   1.0081113e+00
  2.2051307e+02   7.0323861e-01   1.0107227e+00
  2.4201283e+02   7.5802263e-01   1.0141747e+00
  2.6560878e+02   8.0549048e-01   1.0187382e+00
  2.9150531e+02   8.4554407e-01   1.0247708e+00
  3.1992671e+02   8.7859295e-01   1.0327455e+00
  3.5111917e+02   9.0536184e-01   1.0432876e+00
  3.8535286e+02   9.2672077e-01   1.0572237e+00
  4.2292429e+02   9.4355971e-01   1.0756463e+00
  4.6415888e+02   9.5670996e-01   1.1000000e+00
  5.0941380e+02   9.6690375e-01   1.1321941e+00
  5.5908102e+02   9.7476046e-01   1.1747528e+00
  6.1359073e+02   9.8078913e-01   1.2310130e+00
  6.7341507e+02   9.8539937e-01   1.3053856e+00
  7.3907220e+02   9.8891575e-01   1.4037017e+00
  8.1113083e+02   9.9159247e-01   1.5336699e+00
  8.9021509e+02   9.9362697e-01   1.7054802e+00
  9.7700996e+02   9.9517154e-01   1.9326033e+00
  1.0722672e+03   9.9634315e-01   2.2328467e+00
  1.1768120e+03   9.9723126e-01   2.6297508e+00
  1.2915497e+03   9.9790414e-01   3.1544347e+00
  1.4174742e+03   9.9841375e-01   3.8480359e+00
  1.5556761e+03   9.9879959e-01   4.7649358e+00
  1.7073526e+03   9.9909167e-01   5.9770236e+00
  1.8738174e+03   9.9931273e-01   7.5793322e+00
  2.0565123e+03   9.9948002e-01   9.6974900e+00
  2.2570197e+03   9.9960660e-01   1.2497570e+01
  2.4770764e+03   9.9970238e-01   1.6199111e+01
  2.7185882e+03   9.9977485e-01   2.1092330e+01
  2.9836472e+03   9.9982967e-01   2.7560878e+01
  3.2745492e+03   9.9987115e-01   3.6111917e+01
  3.5938137e+03   9.9990252e-01   4.7415888e+01
  3.9442061e+03   9.9992626e-01   6.2359073e+01
  4.3287613e+03   9.9994422e-01   8.2113083e+01
  4.7508102e+03   9.9995780e-01   1.0822672e+02
  5.2140083e+03   9.9996808e-01   1.4274742e+02
  5.7223677e+03   9.9997585e-01   1.8838174e+02
  6.2802914e+03   9.9998173e-01   2.4870764e+02
  6.8926121e+03   9.9998618e-01   3.2845492e+02
  7.5646333e+03   9.9998955e-01   4.3387613e+02
  8.3021757e+03   9.9999209e-01   5.7323677e+02
  9.1116276e+03   9.9999402e-01   7.5746333e+02
  1.0000000e+04   9.9999548e-01   1.0010000e+03
