  0.0000000e+00   2.0673495e+03
  6.0355339e-03   2.6351150e+04
  1.1625704e-02   7.4776614e+03
  1.6535658e-02   3.6137395e+03
  2.1194270e-02   2.1397501e+03
  2.6643563e-02   1.3959287e+03
  3.1687384e-02   9.9921319e+02
  3.6686531e-02   7.3129447e+02
  4.1931406e-02   5.5679052e+02
  4.6938495e-02   4.3784130e+02
  5.1882930e-02   3.6118967e+02
  5.6708130e-02   2.9903371e+02
  6.1628458e-02   2.5420974e+02
  6.6941402e-02   2.1194758e+02
  7.2080259e-02   1.8077066e+02
  7.6940452e-02   1.5938507e+02
  8.2050626e-02   1.3841844e+02
  8.6947257e-02   1.2177680e+02
  9.2055923e-02   1.0801728e+02
  9.7101346e-02   9.5361518e+01
  1.0193919e-01   8.6642058e+01
  1.0713223e-01   7.7857126e+01
  1.1210916e-01   6.9612474e+01
  1.1693242e-01   6.3235186e+01
  1.2182575e-01   5.8865035e+01
  1.2695388e-01   5.3055627e+01
  1.3223922e-01   4.8268513e+01
  1.3719237e-01   4.3911490e+01
  1.4203187e-01   4.0790171e+01
  1.4699084e-01   3.7710197e+01
  1.5196609e-01   3.5052075e+01
  1.5711038e-01   3.2082391e+01
  1.6214458e-01   2.9635634e+01
  1.6723205e-01   2.7299315e+01
  1.7228499e-01   2.5378533e+01
  1.7714755e-01   2.3710903e+01
  1.8206082e-01   2.2199242e+01
  1.8699206e-01   2.0664345e+01
  1.9221504e-01   1.9285974e+01
  1.9728973e-01   1.7845428e+01
  2.0204019e-01   1.6753084e+01
  2.0702274e-01   1.5661342e+01
  2.1209304e-01   1.4641127e+01
  2.1722515e-01   1.3628796e+01
  2.2229203e-01   1.2836049e+01
  2.2716897e-01   1.2030662e+01
  2.3208621e-01   1.1237227e+01
  2.3706324e-01   1.0592354e+01
  2.4209630e-01   1.0011234e+01
  2.4708886e-01   9.3864166e+00
  2.5223849e-01   8.7873080e+00
  2.5732923e-01   8.2598483e+00
  2.6221185e-01   7.7895441e+00
  2.6715089e-01   7.2996919e+00
  2.7206913e-01   6.8697906e+00
  2.7719028e-01   6.4148948e+00
  2.8224737e-01   6.0625822e+00
  2.8723902e-01   5.6709780e+00
  2.9220417e-01   5.3901256e+00
  2.9713400e-01   5.0742036e+00
  3.0216522e-01   4.7460042e+00
  3.0723428e-01   4.4881226e+00
  3.1227901e-01   4.2121353e+00
  3.1725066e-01   3.9638659e+00
  3.2215775e-01   3.7599968e+00
  3.2719516e-01   3.5456154e+00
  3.3219206e-01   3.2941392e+00
  3.3719196e-01   3.1108912e+00
  3.4226898e-01   2.9473935e+00
  3.4724764e-01   2.7685349e+00
  3.5215670e-01   2.6074519e+00
  3.5706391e-01   2.4549938e+00
  3.6213505e-01   2.3193405e+00
  3.6723354e-01   2.1677487e+00
  3.7225891e-01   2.0403472e+00
  3.7722627e-01   1.9248202e+00
  3.8224487e-01   1.8212904e+00
  3.8733654e-01   1.7009584e+00
  3.9226576e-01   1.6120457e+00
  3.9717060e-01   1.5112992e+00
  4.0221212e-01   1.4261722e+00
  4.0721746e-01   1.3433278e+00
  4.1225207e-01   1.2587173e+00
  4.1722273e-01   1.1869225e+00
  4.2219228e-01   1.1103584e+00
  4.2724000e-01   1.0456733e+00
  4.3231121e-01   9.7930205e-01
  4.3730787e-01   9.2341615e-01
  4.4217411e-01   8.6464056e-01
  4.4723304e-01   8.1341651e-01
  4.5233047e-01   7.6360602e-01
  4.5728741e-01   7.1741317e-01
  4.6224142e-01   6.7277801e-01
  4.6723469e-01   6.3334184e-01
  4.7227266e-01   5.9326721e-01
  4.7724018e-01   5.5885054e-01
  4.8216001e-01   5.2790399e-01
  4.8721088e-01   4.9089844e-01
  4.9224994e-01   4.5958588e-01
  4.9727019e-01   4.3124460e-01
  5.0230602e-01   4.0380021e-01
  5.0740078e-01   3.7880090e-01
  5.1249775e-01   3.5278681e-01
  5.1741244e-01   3.3193039e-01
  5.2234742e-01   3.1022635e-01
  5.2730901e-01   2.8952106e-01
  5.3233009e-01   2.7277470e-01
  5.3747281e-01   2.5285456e-01
  5.4242782e-01   2.3696456e-01
  5.4731972e-01   2.2253783e-01
  5.5232898e-01   2.0807229e-01
  5.5733483e-01   1.9402832e-01
  5.6234468e-01   1.8156691e-01
  5.6741369e-01   1.6927196e-01
  5.7243211e-01   1.5802516e-01
  5.7743378e-01   1.4720515e-01
  5.8231555e-01   1.3725087e-01
  5.8728631e-01   1.2795768e-01
  5.9237195e-01   1.1975455e-01
  5.9739156e-01   1.1209892e-01
  6.0242814e-01   1.0500167e-01
  6.0733831e-01   9.7695742e-02
  6.1216534e-01   9.0378362e-02
  6.1730342e-01   8.3888485e-02
  6.2247235e-01   7.7181688e-02
  6.2754964e-01   7.2150075e-02
  6.3248637e-01   6.6794914e-02
  6.3733464e-01   6.3187368e-02
  6.4237696e-01   5.8323357e-02
  6.4746340e-01   5.3900254e-02
  6.5252716e-01   5.0036975e-02
  6.5754505e-01   4.6209048e-02
  6.6253670e-01   4.3340296e-02
  6.6735920e-01   4.0142158e-02
  6.7206764e-01   3.8010728e-02
  6.7718157e-01   3.4182958e-02
  6.8251372e-01   3.1562637e-02
  6.8760067e-01   2.9756280e-02
  6.9301876e-01   2.7581142e-02
  6.9653308e-01   2.5517868e-02
  7.0122909e-01   2.4321041e-02
  7.0710678e-01   2.0101189e-02
