  0.0000000e+00   2.3106604e+04
  6.0355339e-03   2.8031815e+04
  1.1625704e-02   7.5431607e+03
  1.6535658e-02   3.6300336e+03
  2.1194270e-02   2.1466022e+03
  2.6643563e-02   1.3988351e+03
  3.1687384e-02   1.0012882e+03
  3.6686531e-02   7.3244246e+02
  4.1931406e-02   5.5757560e+02
  4.6938495e-02   4.3846509e+02
  5.1882930e-02   3.6158816e+02
  5.6708130e-02   2.9937523e+02
  6.1628458e-02   2.5444272e+02
  6.6941402e-02   2.1211488e+02
  7.2080259e-02   1.8091014e+02
  7.6940452e-02   1.5950027e+02
  8.2050626e-02   1.3851040e+02
  8.6947257e-02   1.2185017e+02
  9.2055923e-02   1.0807341e+02
  9.7101346e-02   9.5409032e+01
  1.0193919e-01   8.6683998e+01
  1.0713223e-01   7.7888185e+01
  1.1210916e-01   6.9640677e+01
  1.1693242e-01   6.3259348e+01
  1.2182575e-01   5.8885467e+01
  1.2695388e-01   5.3071008e+01
  1.3223922e-01   4.8281461e+01
  1.3719237e-01   4.3923624e+01
  1.4203187e-01   4.0799645e+01
  1.4699084e-01   3.7719579e+01
  1.5196609e-01   3.5059595e+01
  1.5711038e-01   3.2088020e+01
  1.6214458e-01   2.9641226e+01
  1.6723205e-01   2.7303994e+01
  1.7228499e-01   2.5382511e+01
  1.7714755e-01   2.3714978e+01
  1.8206082e-01   2.2202292e+01
  1.8699206e-01   2.0667250e+01
  1.9221504e-01   1.9288105e+01
  1.9728973e-01   1.7847618e+01
  2.0204019e-01   1.6755110e+01
  2.0702274e-01   1.5663020e+01
  2.1209304e-01   1.4642659e+01
  2.1722515e-01   1.3629960e+01
  2.2229203e-01   1.2837181e+01
  2.2716897e-01   1.2031698e+01
  2.3208621e-01   1.1238053e+01
  2.3706324e-01   1.0593124e+01
  2.4209630e-01   1.0011852e+01
  2.4708886e-01   9.3869824e+00
  2.5223849e-01   8.7877939e+00
  2.5732923e-01   8.2602687e+00
  2.6221185e-01   7.7899110e+00
  2.6715089e-01   7.2999724e+00
  2.7206913e-01   6.8700301e+00
  2.7719028e-01   6.4150970e+00
  2.8224737e-01   6.0627599e+00
  2.8723902e-01   5.6711214e+00
  2.9220417e-01   5.3902437e+00
  2.9713400e-01   5.0742751e+00
  3.0216522e-01   4.7460750e+00
  3.0723428e-01   4.4881730e+00
  3.1227901e-01   4.2121722e+00
  3.1725066e-01   3.9638862e+00
  3.2215775e-01   3.7600114e+00
  3.2719516e-01   3.5456177e+00
  3.3219206e-01   3.2941333e+00
  3.3719196e-01   3.1108802e+00
  3.4226898e-01   2.9473783e+00
  3.4724764e-01   2.7685200e+00
  3.5215670e-01   2.6074307e+00
  3.5706391e-01   2.4549704e+00
  3.6213505e-01   2.3193159e+00
  3.6723354e-01   2.1677245e+00
  3.7225891e-01   2.0403167e+00
  3.7722627e-01   1.9247877e+00
  3.8224487e-01   1.8212627e+00
  3.8733654e-01   1.7009276e+00
  3.9226576e-01   1.6120139e+00
  3.9717060e-01   1.5112679e+00
  4.0221212e-01   1.4261458e+00
  4.0721746e-01   1.3433003e+00
  4.1225207e-01   1.2586895e+00
  4.1722273e-01   1.1868939e+00
  4.2219228e-01   1.1103310e+00
  4.2724000e-01   1.0456485e+00
  4.3231121e-01   9.7927617e-01
  4.3730787e-01   9.2339326e-01
  4.4217411e-01   8.6461794e-01
  4.4723304e-01   8.1339751e-01
  4.5233047e-01   7.6358723e-01
  4.5728741e-01   7.1739426e-01
  4.6224142e-01   6.7276048e-01
  4.6723469e-01   6.3332569e-01
  4.7227266e-01   5.9325177e-01
  4.7724018e-01   5.5883533e-01
  4.8216001e-01   5.2788990e-01
  4.8721088e-01   4.9088568e-01
  4.9224994e-01   4.5957394e-01
  4.9727019e-01   4.3123349e-01
  5.0230602e-01   4.0379344e-01
  5.0740078e-01   3.7879899e-01
  5.1249775e-01   3.5278510e-01
  5.1741244e-01   3.3192898e-01
  5.2234742e-01   3.1022482e-01
  5.2730901e-01   2.8951974e-01
  5.3233009e-01   2.7277343e-01
  5.3747281e-01   2.5285337e-01
  5.4242782e-01   2.3696345e-01
  5.4731972e-01   2.2253673e-01
  5.5232898e-01   2.0807133e-01
  5.5733483e-01   1.9402733e-01
  5.6234468e-01   1.8156613e-01
  5.6741369e-01   1.6927125e-01
  5.7243211e-01   1.5802440e-01
  5.7743378e-01   1.4720440e-01
  5.8231555e-01   1.3725026e-01
  5.8728631e-01   1.2795717e-01
  5.9237195e-01   1.1975404e-01
  5.9739156e-01   1.1209845e-01
  6.0242814e-01   1.0500112e-01
  6.0733831e-01   9.7695356e-02
  6.1216534e-01   9.0377977e-02
  6.1730342e-01   8.3888137e-02
  6.2247235e-01   7.7181352e-02
  6.2754964e-01   7.2149737e-02
  6.3248637e-01   6.6794585e-02
  6.3733464e-01   6.3187113e-02
  6.4237696e-01   5.8323093e-02
  6.4746340e-01   5.3900032e-02
  6.5252716e-01   5.0036723e-02
  6.5754505e-01   4.6208867e-02
  6.6253670e-01   4.3340059e-02
  6.6735920e-01   4.0141965e-02
  6.7206764e-01   3.8010549e-02
  6.7718157e-01   3.4182796e-02
  6.8251372e-01   3.1562533e-02
  6.8760067e-01   2.9756140e-02
  6.9301876e-01   2.7581025e-02
  6.9653308e-01   2.5517737e-02
  7.0122909e-01   2.4320954e-02
  7.0710678e-01   2.0101065e-02
