  0.0000000e+00   2.9011215e-10
  6.0355339e-03   3.0325793e-02
  1.1625704e-02   1.1158929e-01
  1.6535658e-02   2.2493676e-01
  2.1194270e-02   3.4693881e-01
  2.6643563e-02   4.6456266e-01
  3.1687384e-02   5.7470008e-01
  3.6686531e-02   6.5614405e-01
  4.1931406e-02   7.2514781e-01
  4.6938495e-02   7.7849436e-01
  5.1882930e-02   8.1663604e-01
  5.6708130e-02   8.5049834e-01
  6.1628458e-02   8.7100835e-01
  6.6941402e-02   8.9115737e-01
  7.2080259e-02   9.0530837e-01
  7.6940452e-02   9.1714695e-01
  8.2050626e-02   9.2499607e-01
  8.6947257e-02   9.3251181e-01
  9.2055923e-02   9.3803031e-01
  9.7101346e-02   9.4281980e-01
  1.0193919e-01   9.4611164e-01
  1.0713223e-01   9.4942529e-01
  1.1210916e-01   9.5194671e-01
  1.1693242e-01   9.5383909e-01
  1.2182575e-01   9.5601408e-01
  1.2695388e-01   9.5699456e-01
  1.3223922e-01   9.5849830e-01
  1.3719237e-01   9.5961554e-01
  1.4203187e-01   9.6084514e-01
  1.4699084e-01   9.6206146e-01
  1.5196609e-01   9.6262644e-01
  1.5711038e-01   9.6335621e-01
  1.6214458e-01   9.6393935e-01
  1.6723205e-01   9.6463738e-01
  1.7228499e-01   9.6513862e-01
  1.7714755e-01   9.6538282e-01
  1.8206082e-01   9.6610128e-01
  1.8699206e-01   9.6616864e-01
  1.9221504e-01   9.6691435e-01
  1.9728973e-01   9.6700002e-01
  2.0204019e-01   9.6715151e-01
  2.0702274e-01   9.6776982e-01
  2.1209304e-01   9.6780558e-01
  2.1722515e-01   9.6813037e-01
  2.2229203e-01   9.6839322e-01
  2.2716897e-01   9.6855759e-01
  2.3208621e-01   9.6898275e-01
  2.3706324e-01   9.6884361e-01
  2.4209630e-01   9.6915807e-01
  2.4708886e-01   9.6930842e-01
  2.5223849e-01   9.6959236e-01
  2.5732923e-01   9.6946766e-01
  2.6221185e-01   9.6971829e-01
  2.6715089e-01   9.6985531e-01
  2.7206913e-01   9.7004111e-01
  2.7719028e-01   9.7017340e-01
  2.8224737e-01   9.7033065e-01
  2.8723902e-01   9.7036250e-01
  2.9220417e-01   9.7050314e-01
  2.9713400e-01   9.7062854e-01
  3.0216522e-01   9.7066852e-01
  3.0723428e-01   9.7070091e-01
  3.1227901e-01   9.7079934e-01
  3.1725066e-01   9.7100779e-01
  3.2215775e-01   9.7100316e-01
  3.2719516e-01   9.7086837e-01
  3.3219206e-01   9.7116293e-01
  3.3719196e-01   9.7116358e-01
  3.4226898e-01   9.7114643e-01
  3.4724764e-01   9.7120599e-01
  3.5215670e-01   9.7141709e-01
  3.5706391e-01   9.7129574e-01
  3.6213505e-01   9.7133672e-01
  3.6723354e-01   9.7135984e-01
  3.7225891e-01   9.7149687e-01
  3.7722627e-01   9.7155968e-01
  3.8224487e-01   9.7141154e-01
  3.8733654e-01   9.7154655e-01
  3.9226576e-01   9.7153523e-01
  3.9717060e-01   9.7158486e-01
  4.0221212e-01   9.7160828e-01
  4.0721746e-01   9.7164815e-01
  4.1225207e-01   9.7169620e-01
  4.1722273e-01   9.7166337e-01
  4.2219228e-01   9.7161440e-01
  4.2724000e-01   9.7164404e-01
  4.3231121e-01   9.7182486e-01
  4.3730787e-01   9.7164864e-01
  4.4217411e-01   9.7174461e-01
  4.4723304e-01   9.7170439e-01
  4.5233047e-01   9.7185915e-01
  4.5728741e-01   9.7183905e-01
  4.6224142e-01   9.7179504e-01
  4.6723469e-01   9.7171390e-01
  4.7227266e-01   9.7180310e-01
  4.7724018e-01   9.7181212e-01
  4.8216001e-01   9.7184590e-01
  4.8721088e-01   9.7178708e-01
  4.9224994e-01   9.7172648e-01
  4.9727019e-01   9.7169889e-01
  5.0230602e-01   9.7148751e-01
  5.0740078e-01   9.7152768e-01
  5.1249775e-01   9.7142051e-01
  5.1741244e-01   9.7123429e-01
  5.2234742e-01   9.7125542e-01
  5.2730901e-01   9.7125474e-01
  5.3233009e-01   9.7122197e-01
  5.3747281e-01   9.7121991e-01
  5.4242782e-01   9.7108777e-01
  5.4731972e-01   9.7139921e-01
  5.5232898e-01   9.7126499e-01
  5.5733483e-01   9.7122165e-01
  5.6234468e-01   9.7130076e-01
  5.6741369e-01   9.7103437e-01
  5.7243211e-01   9.7123000e-01
  5.7743378e-01   9.7123974e-01
  5.8231555e-01   9.7109265e-01
  5.8728631e-01   9.7123230e-01
  5.9237195e-01   9.7142206e-01
  5.9739156e-01   9.7125089e-01
  6.0242814e-01   9.7121060e-01
  6.0733831e-01   9.7096189e-01
  6.1216534e-01   9.7092250e-01
  6.1730342e-01   9.7120299e-01
  6.2247235e-01   9.7126653e-01
  6.2754964e-01   9.7135606e-01
  6.3248637e-01   9.7109001e-01
  6.3733464e-01   9.7096030e-01
  6.4237696e-01   9.7134292e-01
  6.4746340e-01   9.7122409e-01
  6.5252716e-01   9.7102233e-01
  6.5754505e-01   9.7139757e-01
  6.6253670e-01   9.7113640e-01
  6.6735920e-01   9.7134328e-01
  6.7206764e-01   9.7115043e-01
  6.7718157e-01   9.7110316e-01
  6.8251372e-01   9.7172882e-01
  6.8760067e-01   9.7095390e-01
  6.9301876e-01   9.7126914e-01
  6.9653308e-01   9.7122339e-01
  7.0122909e-01   9.7123366e-01
  7.0710678e-01   9.7245420e-01
