  0.0000000e+00   4.1406966e+07
  6.0355339e-03   5.9782422e+04
  1.1625704e-02   7.2712444e+03
  1.6535658e-02   2.8227952e+03
  2.1194270e-02   1.9190245e+03
  2.6643563e-02   1.2220324e+03
  3.1687384e-02   1.1758120e+03
  3.6686531e-02   8.5302658e+02
  4.1931406e-02   7.4603490e+02
  4.6938495e-02   7.1751211e+02
  5.1882930e-02   5.8042053e+02
  5.6708130e-02   5.9538583e+02
  6.1628458e-02   4.7666746e+02
  6.6941402e-02   4.1533343e+02
  7.2080259e-02   4.2572518e+02
  7.6940452e-02   3.7812242e+02
  8.2050626e-02   3.5324190e+02
  8.6947257e-02   3.3177986e+02
  9.2055923e-02   2.9915146e+02
  9.7101346e-02   2.9752921e+02
  1.0193919e-01   2.7255087e+02
  1.0713223e-01   2.2682595e+02
  1.1210916e-01   2.3272120e+02
  1.1693242e-01   2.2746514e+02
  1.2182575e-01   2.0565543e+02
  1.2695388e-01   1.8080008e+02
  1.3223922e-01   1.7103600e+02
  1.3719237e-01   1.7659644e+02
  1.4203187e-01   1.6901197e+02
  1.4699084e-01   1.4611808e+02
  1.5196609e-01   1.4149356e+02
  1.5711038e-01   1.3001518e+02
  1.6214458e-01   1.2915363e+02
  1.6723205e-01   1.1598130e+02
  1.7228499e-01   1.1039363e+02
  1.7714755e-01   1.1537164e+02
  1.8206082e-01   9.6974542e+01
  1.8699206e-01   9.8662042e+01
  1.9221504e-01   8.2903123e+01
  1.9728973e-01   8.6745642e+01
  2.0204019e-01   8.8478702e+01
  2.0702274e-01   7.3747360e+01
  2.1209304e-01   7.2676499e+01
  2.1722515e-01   6.3520857e+01
  2.2229203e-01   6.5153188e+01
  2.2716897e-01   6.3468660e+01
  2.3208621e-01   5.6171394e+01
  2.3706324e-01   5.4602306e+01
  2.4209630e-01   4.9274968e+01
  2.4708886e-01   4.8325650e+01
  2.5223849e-01   4.2243793e+01
  2.5732923e-01   4.1869629e+01
  2.6221185e-01   4.0730404e+01
  2.6715089e-01   3.7583682e+01
  2.7206913e-01   3.6782635e+01
  2.7719028e-01   3.0590158e+01
  2.8224737e-01   3.1178382e+01
  2.8723902e-01   3.0066282e+01
  2.9220417e-01   2.7597118e+01
  2.9713400e-01   2.5457871e+01
  3.0216522e-01   2.3956333e+01
  3.0723428e-01   2.2229156e+01
  3.1227901e-01   2.1927289e+01
  3.1725066e-01   1.9381097e+01
  3.2215775e-01   1.9308249e+01
  3.2719516e-01   1.6210077e+01
  3.3219206e-01   1.6106425e+01
  3.3719196e-01   1.4419303e+01
  3.4226898e-01   1.3433759e+01
  3.4724764e-01   1.3374347e+01
  3.5215670e-01   1.1406307e+01
  3.5706391e-01   1.1112007e+01
  3.6213505e-01   9.3902490e+00
  3.6723354e-01   9.0567188e+00
  3.7225891e-01   8.2587351e+00
  3.7722627e-01   7.6568935e+00
  3.8224487e-01   6.9529099e+00
  3.8733654e-01   6.0616701e+00
  3.9226576e-01   5.9895771e+00
  3.9717060e-01   5.1786788e+00
  4.0221212e-01   4.5183269e+00
  4.0721746e-01   4.1978747e+00
  4.1225207e-01   3.5917093e+00
  4.1722273e-01   3.4518971e+00
  4.2219228e-01   2.8585162e+00
  4.2724000e-01   2.5582402e+00
  4.3231121e-01   2.2623174e+00
  4.3730787e-01   1.9614636e+00
  4.4217411e-01   1.7299435e+00
  4.4723304e-01   1.3404287e+00
  4.5233047e-01   1.2327252e+00
  4.5728741e-01   1.0370439e+00
  4.6224142e-01   8.3420225e-01
  4.6723469e-01   7.0505247e-01
  4.7227266e-01   5.5833391e-01
  4.7724018e-01   4.6670006e-01
  4.8216001e-01   3.6865853e-01
  4.8721088e-01   2.9583180e-01
  4.9224994e-01   2.5857882e-01
  4.9727019e-01   2.2301140e-01
  5.0230602e-01   1.8238153e-01
  5.0740078e-01   1.3538668e-01
  5.1249775e-01   1.3430944e-01
  5.1741244e-01   1.3394617e-01
  5.2234742e-01   1.3397999e-01
  5.2730901e-01   1.3315833e-01
  5.3233009e-01   1.3308407e-01
  5.3747281e-01   1.3229984e-01
  5.4242782e-01   1.3228657e-01
  5.4731972e-01   1.3098868e-01
  5.5232898e-01   1.3088861e-01
  5.5733483e-01   1.3070932e-01
  5.6234468e-01   1.2955451e-01
  5.6741369e-01   1.3012031e-01
  5.7243211e-01   1.3038042e-01
  5.7743378e-01   1.2947098e-01
  5.8231555e-01   1.2885223e-01
  5.8728631e-01   1.2844774e-01
  5.9237195e-01   1.3073713e-01
  5.9739156e-01   1.2857619e-01
  6.0242814e-01   1.2776195e-01
  6.0733831e-01   1.3013343e-01
  6.1216534e-01   1.2974549e-01
  6.1730342e-01   1.2918049e-01
  6.2247235e-01   1.2926994e-01
  6.2754964e-01   1.2783482e-01
  6.3248637e-01   1.2894464e-01
  6.3733464e-01   1.2913619e-01
  6.4237696e-01   1.2796396e-01
  6.4746340e-01   1.2970292e-01
  6.5252716e-01   1.2782471e-01
  6.5754505e-01   1.2705917e-01
  6.6253670e-01   1.2697682e-01
  6.6735920e-01   1.2696509e-01
  6.7206764e-01   1.2984566e-01
  6.7718157e-01   1.2738311e-01
  6.8251372e-01   1.3106387e-01
  6.8760067e-01   1.2835954e-01
  6.9301876e-01   1.2614339e-01
  6.9653308e-01   1.2731157e-01
  7.0122909e-01   1.2738382e-01
  7.0710678e-01   1.4244140e-01
