  0.0000000e+00   4.3371118e+09
  6.0355339e-03   5.7664669e+04
  1.1625704e-02   6.0796100e+03
  1.6535658e-02   1.5724439e+03
  2.1194270e-02   7.4015737e+02
  2.6643563e-02   4.1813811e+02
  3.1687384e-02   2.7517941e+02
  3.6686531e-02   1.9910522e+02
  4.1931406e-02   1.6692542e+02
  4.6938495e-02   1.4017641e+02
  5.1882930e-02   1.1550594e+02
  5.6708130e-02   1.1322822e+02
  6.1628458e-02   9.0315448e+01
  6.6941402e-02   8.3792095e+01
  7.2080259e-02   7.9396793e+01
  7.6940452e-02   7.1363814e+01
  8.2050626e-02   6.5226033e+01
  8.6947257e-02   6.2087962e+01
  9.2055923e-02   5.7228357e+01
  9.7101346e-02   5.3690954e+01
  1.0193919e-01   4.9620121e+01
  1.0713223e-01   4.2589011e+01
  1.1210916e-01   4.3420527e+01
  1.1693242e-01   4.2039072e+01
  1.2182575e-01   3.8636960e+01
  1.2695388e-01   3.4909438e+01
  1.3223922e-01   3.2290605e+01
  1.3719237e-01   3.3143990e+01
  1.4203187e-01   3.1190489e+01
  1.4699084e-01   2.8094654e+01
  1.5196609e-01   2.6895979e+01
  1.5711038e-01   2.4464246e+01
  1.6214458e-01   2.4513258e+01
  1.6723205e-01   2.1788542e+01
  1.7228499e-01   2.0653404e+01
  1.7714755e-01   2.1907686e+01
  1.8206082e-01   1.8576214e+01
  1.8699206e-01   1.8689141e+01
  1.9221504e-01   1.5829379e+01
  1.9728973e-01   1.6634961e+01
  2.0204019e-01   1.6641474e+01
  2.0702274e-01   1.4042999e+01
  2.1209304e-01   1.3832150e+01
  2.1722515e-01   1.2213129e+01
  2.2229203e-01   1.2319950e+01
  2.2716897e-01   1.2127197e+01
  2.3208621e-01   1.1045752e+01
  2.3706324e-01   1.0620587e+01
  2.4209630e-01   9.6234060e+00
  2.4708886e-01   9.4645128e+00
  2.5223849e-01   8.2746056e+00
  2.5732923e-01   8.3107327e+00
  2.6221185e-01   8.1926294e+00
  2.6715089e-01   7.3196092e+00
  2.7206913e-01   7.3798572e+00
  2.7719028e-01   6.0360036e+00
  2.8224737e-01   6.1658148e+00
  2.8723902e-01   5.7984074e+00
  2.9220417e-01   5.4133293e+00
  2.9713400e-01   5.1976112e+00
  3.0216522e-01   4.7192866e+00
  3.0723428e-01   4.4704462e+00
  3.1227901e-01   4.2946486e+00
  3.1725066e-01   3.8999011e+00
  3.2215775e-01   3.7916780e+00
  3.2719516e-01   3.2674412e+00
  3.3219206e-01   3.3259112e+00
  3.3719196e-01   2.9241558e+00
  3.4226898e-01   2.7258812e+00
  3.4724764e-01   2.7311259e+00
  3.5215670e-01   2.3714271e+00
  3.5706391e-01   2.2840052e+00
  3.6213505e-01   1.9655387e+00
  3.6723354e-01   1.8808884e+00
  3.7225891e-01   1.7305044e+00
  3.7722627e-01   1.6024502e+00
  3.8224487e-01   1.4558537e+00
  3.8733654e-01   1.2960660e+00
  3.9226576e-01   1.2909067e+00
  3.9717060e-01   1.1303512e+00
  4.0221212e-01   1.0025670e+00
  4.0721746e-01   9.4345601e-01
  4.1225207e-01   8.1479327e-01
  4.1722273e-01   7.8308577e-01
  4.2219228e-01   6.6819480e-01
  4.2724000e-01   6.0411884e-01
  4.3231121e-01   5.4904543e-01
  4.3730787e-01   4.8665400e-01
  4.4217411e-01   4.4793180e-01
  4.4723304e-01   3.6842542e-01
  4.5233047e-01   3.4678779e-01
  4.5728741e-01   3.0594947e-01
  4.6224142e-01   2.7037485e-01
  4.6723469e-01   2.4023988e-01
  4.7227266e-01   2.1382812e-01
  4.7724018e-01   1.9538153e-01
  4.8216001e-01   1.7719074e-01
  4.8721088e-01   1.6192286e-01
  4.9224994e-01   1.5423756e-01
  4.9727019e-01   1.4765113e-01
  5.0230602e-01   1.3987019e-01
  5.0740078e-01   1.2989709e-01
  5.1249775e-01   1.2952480e-01
  5.1741244e-01   1.2953394e-01
  5.2234742e-01   1.3004674e-01
  5.2730901e-01   1.2957676e-01
  5.3233009e-01   1.2964289e-01
  5.3747281e-01   1.2924600e-01
  5.4242782e-01   1.2941316e-01
  5.4731972e-01   1.2852457e-01
  5.5232898e-01   1.2885180e-01
  5.5733483e-01   1.2851297e-01
  5.6234468e-01   1.2772631e-01
  5.6741369e-01   1.2849007e-01
  5.7243211e-01   1.2886826e-01
  5.7743378e-01   1.2803964e-01
  5.8231555e-01   1.2745737e-01
  5.8728631e-01   1.2719180e-01
  5.9237195e-01   1.2956988e-01
  5.9739156e-01   1.2748893e-01
  6.0242814e-01   1.2671755e-01
  6.0733831e-01   1.2921838e-01
  6.1216534e-01   1.2892463e-01
  6.1730342e-01   1.2826137e-01
  6.2247235e-01   1.2859233e-01
  6.2754964e-01   1.2703062e-01
  6.3248637e-01   1.2826827e-01
  6.3733464e-01   1.2853719e-01
  6.4237696e-01   1.2737663e-01
  6.4746340e-01   1.2902777e-01
  6.5252716e-01   1.2715056e-01
  6.5754505e-01   1.2645893e-01
  6.6253670e-01   1.2633779e-01
  6.6735920e-01   1.2649146e-01
  6.7206764e-01   1.2915262e-01
  6.7718157e-01   1.2665502e-01
  6.8251372e-01   1.3038515e-01
  6.8760067e-01   1.2784758e-01
  6.9301876e-01   1.2543612e-01
  6.9653308e-01   1.2660158e-01
  7.0122909e-01   1.2683250e-01
  7.0710678e-01   1.4172434e-01
