  0.0000000e+00   1.4006205e+01
  6.0355339e-03   2.5723448e+00
  1.1625704e-02   8.5165070e-01
  1.6535658e-02   5.0327191e-01
  2.1194270e-02   3.8563778e-01
  2.6643563e-02   3.6107192e-01
  3.1687384e-02   3.7163253e-01
  3.6686531e-02   3.8666041e-01
  4.1931406e-02   4.3238931e-01
  4.6938495e-02   4.8421775e-01
  5.1882930e-02   5.5563508e-01
  5.6708130e-02   6.3827928e-01
  6.1628458e-02   7.2829219e-01
  6.6941402e-02   8.4083757e-01
  7.2080259e-02   9.5742969e-01
  7.6940452e-02   1.0923854e+00
  8.2050626e-02   1.2447062e+00
  8.6947257e-02   1.3908589e+00
  9.2055923e-02   1.5752348e+00
  9.7101346e-02   1.7287562e+00
  1.0193919e-01   1.9311371e+00
  1.0713223e-01   2.1458824e+00
  1.1210916e-01   2.3385765e+00
  1.1693242e-01   2.5369895e+00
  1.2182575e-01   2.7920683e+00
  1.2695388e-01   2.9946820e+00
  1.3223922e-01   3.2089812e+00
  1.3719237e-01   3.3983616e+00
  1.4203187e-01   3.6384868e+00
  1.4699084e-01   3.7866481e+00
  1.5196609e-01   4.0319493e+00
  1.5711038e-01   4.1711321e+00
  1.6214458e-01   4.3455319e+00
  1.6723205e-01   4.4365359e+00
  1.7228499e-01   4.5981894e+00
  1.7714755e-01   4.7379586e+00
  1.8206082e-01   4.8272003e+00
  1.8699206e-01   4.9119930e+00
  1.9221504e-01   4.9764055e+00
  1.9728973e-01   4.9972270e+00
  2.0204019e-01   5.0142736e+00
  2.0702274e-01   5.0435916e+00
  2.1209304e-01   5.0282017e+00
  2.1722515e-01   5.0073473e+00
  2.2229203e-01   4.9817575e+00
  2.2716897e-01   4.9413598e+00
  2.3208621e-01   4.8619180e+00
  2.3706324e-01   4.8103079e+00
  2.4209630e-01   4.7894498e+00
  2.4708886e-01   4.6686951e+00
  2.5223849e-01   4.5691220e+00
  2.5732923e-01   4.4853396e+00
  2.6221185e-01   4.3777122e+00
  2.6715089e-01   4.2793163e+00
  2.7206913e-01   4.1454446e+00
  2.7719028e-01   4.0078545e+00
  2.8224737e-01   3.8991560e+00
  2.8723902e-01   3.7514086e+00
  2.9220417e-01   3.6731845e+00
  2.9713400e-01   3.5381856e+00
  3.0216522e-01   3.4154717e+00
  3.0723428e-01   3.2872487e+00
  3.1227901e-01   3.1623717e+00
  3.1725066e-01   3.0436086e+00
  3.2215775e-01   2.9431781e+00
  3.2719516e-01   2.8362598e+00
  3.3219206e-01   2.6741872e+00
  3.3719196e-01   2.5837468e+00
  3.4226898e-01   2.4757774e+00
  3.4724764e-01   2.3624551e+00
  3.5215670e-01   2.2625042e+00
  3.5706391e-01   2.1538229e+00
  3.6213505e-01   2.0698435e+00
  3.6723354e-01   1.9561526e+00
  3.7225891e-01   1.8628529e+00
  3.7722627e-01   1.7769828e+00
  3.8224487e-01   1.6993474e+00
  3.8733654e-01   1.6072960e+00
  3.9226576e-01   1.5349105e+00
  3.9717060e-01   1.4512720e+00
  4.0221212e-01   1.3814713e+00
  4.0721746e-01   1.3108144e+00
  4.1225207e-01   1.2376289e+00
  4.1722273e-01   1.1745000e+00
  4.2219228e-01   1.1047279e+00
  4.2724000e-01   1.0474056e+00
  4.3231121e-01   9.8629877e-01
  4.3730787e-01   9.3606208e-01
  4.4217411e-01   8.8012970e-01
  4.4723304e-01   8.3159230e-01
  4.5233047e-01   7.8480880e-01
  4.5728741e-01   7.3929364e-01
  4.6224142e-01   6.9638796e-01
  4.6723469e-01   6.5760101e-01
  4.7227266e-01   6.1745253e-01
  4.7724018e-01   5.8239821e-01
  4.8216001e-01   5.5096708e-01
  4.8721088e-01   5.1309626e-01
  4.9224994e-01   4.8103165e-01
  4.9727019e-01   4.5256025e-01
  5.0230602e-01   4.2433267e-01
  5.0740078e-01   3.9702587e-01
  5.1249775e-01   3.7080430e-01
  5.1741244e-01   3.4864749e-01
  5.2234742e-01   3.2597286e-01
  5.2730901e-01   3.0476884e-01
  5.3233009e-01   2.8708217e-01
  5.3747281e-01   2.6607462e-01
  5.4242782e-01   2.4913083e-01
  5.4731972e-01   2.3460005e-01
  5.5232898e-01   2.1948361e-01
  5.5733483e-01   2.0437248e-01
  5.6234468e-01   1.9123717e-01
  5.6741369e-01   1.7851746e-01
  5.7243211e-01   1.6642266e-01
  5.7743378e-01   1.5505665e-01
  5.8231555e-01   1.4491013e-01
  5.8728631e-01   1.3489473e-01
  5.9237195e-01   1.2639983e-01
  5.9739156e-01   1.1815194e-01
  6.0242814e-01   1.1052195e-01
  6.0733831e-01   1.0312231e-01
  6.1216534e-01   9.5268358e-02
  6.1730342e-01   8.8655511e-02
  6.2247235e-01   8.1340681e-02
  6.2754964e-01   7.6310291e-02
  6.3248637e-01   7.0630110e-02
  6.3733464e-01   6.6778049e-02
  6.4237696e-01   6.1529321e-02
  6.4746340e-01   5.6778138e-02
  6.5252716e-01   5.2728671e-02
  6.5754505e-01   4.8706174e-02
  6.6253670e-01   4.5897471e-02
  6.6735920e-01   4.2316738e-02
  6.7206764e-01   4.0093677e-02
  6.7718157e-01   3.6108375e-02
  6.8251372e-01   3.3190199e-02
  6.8760067e-01   3.1401192e-02
  6.9301876e-01   2.8961015e-02
  6.9653308e-01   2.6777629e-02
  7.0122909e-01   2.5431217e-02
  7.0710678e-01   2.1322472e-02
