  0.0000000e+00   1.4743101e+09
  6.0355339e-03   7.9463199e+03
  1.1625704e-02   2.3844106e+03
  1.6535658e-02   8.4487399e+02
  2.1194270e-02   4.2720274e+02
  2.6643563e-02   2.2339257e+02
  3.1687384e-02   1.2352151e+02
  3.6686531e-02   7.7602908e+01
  4.1931406e-02   5.0078221e+01
  4.6938495e-02   3.4115224e+01
  5.1882930e-02   2.4900344e+01
  5.6708130e-02   1.7994583e+01
  6.1628458e-02   1.4043805e+01
  6.6941402e-02   1.0696903e+01
  7.2080259e-02   8.5669364e+00
  7.6940452e-02   6.9809431e+00
  8.2050626e-02   5.7294307e+00
  8.6947257e-02   4.8644762e+00
  9.2055923e-02   4.1830810e+00
  9.7101346e-02   3.6215557e+00
  1.0193919e-01   3.2112564e+00
  1.0713223e-01   2.9008576e+00
  1.1210916e-01   2.5169935e+00
  1.1693242e-01   2.3482336e+00
  1.2182575e-01   2.0838211e+00
  1.2695388e-01   2.0005554e+00
  1.3223922e-01   1.8036505e+00
  1.3719237e-01   1.6498879e+00
  1.4203187e-01   1.5336921e+00
  1.4699084e-01   1.4365084e+00
  1.5196609e-01   1.3433900e+00
  1.5711038e-01   1.2608471e+00
  1.6214458e-01   1.2384454e+00
  1.6723205e-01   1.0865252e+00
  1.7228499e-01   1.0589869e+00
  1.7714755e-01   1.0047698e+00
  1.8206082e-01   9.1796592e-01
  1.8699206e-01   9.2161766e-01
  1.9221504e-01   8.3198047e-01
  1.9728973e-01   8.0849210e-01
  2.0204019e-01   7.7931853e-01
  2.0702274e-01   7.3153242e-01
  2.1209304e-01   6.9009836e-01
  2.1722515e-01   6.5357900e-01
  2.2229203e-01   6.3403739e-01
  2.2716897e-01   6.0688967e-01
  2.3208621e-01   5.6425299e-01
  2.3706324e-01   5.5594654e-01
  2.4209630e-01   5.0975869e-01
  2.4708886e-01   5.0626123e-01
  2.5223849e-01   4.8942083e-01
  2.5732923e-01   4.5410762e-01
  2.6221185e-01   4.4678482e-01
  2.6715089e-01   4.1057449e-01
  2.7206913e-01   4.0872632e-01
  2.7719028e-01   3.7476512e-01
  2.8224737e-01   3.7038637e-01
  2.8723902e-01   3.6156359e-01
  2.9220417e-01   3.3882237e-01
  2.9713400e-01   3.2811414e-01
  3.0216522e-01   3.0861607e-01
  3.0723428e-01   3.1341723e-01
  3.1227901e-01   2.8854340e-01
  3.1725066e-01   2.7722873e-01
  3.2215775e-01   2.7421975e-01
  3.2719516e-01   2.5730028e-01
  3.3219206e-01   2.5261714e-01
  3.3719196e-01   2.4014701e-01
  3.4226898e-01   2.3309089e-01
  3.4724764e-01   2.3011148e-01
  3.5215670e-01   2.1721813e-01
  3.5706391e-01   2.1504831e-01
  3.6213505e-01   2.0532279e-01
  3.6723354e-01   2.0087661e-01
  3.7225891e-01   1.9280084e-01
  3.7722627e-01   1.8781666e-01
  3.8224487e-01   1.8201296e-01
  3.8733654e-01   1.7624355e-01
  3.9226576e-01   1.7469293e-01
  3.9717060e-01   1.6871745e-01
  4.0221212e-01   1.6408782e-01
  4.0721746e-01   1.6171710e-01
  4.1225207e-01   1.5693800e-01
  4.1722273e-01   1.5501454e-01
  4.2219228e-01   1.5106699e-01
  4.2724000e-01   1.4826928e-01
  4.3231121e-01   1.4585948e-01
  4.3730787e-01   1.4328209e-01
  4.4217411e-01   1.4190853e-01
  4.4723304e-01   1.3888307e-01
  4.5233047e-01   1.3775399e-01
  4.5728741e-01   1.3689544e-01
  4.6224142e-01   1.3488526e-01
  4.6723469e-01   1.3294777e-01
  4.7227266e-01   1.3257344e-01
  4.7724018e-01   1.3118464e-01
  4.8216001e-01   1.3076333e-01
  4.8721088e-01   1.2975711e-01
  4.9224994e-01   1.2980644e-01
  4.9727019e-01   1.2921345e-01
  5.0230602e-01   1.2935339e-01
  5.0740078e-01   1.2852845e-01
  5.1249775e-01   1.2839631e-01
  5.1741244e-01   1.2841724e-01
  5.2234742e-01   1.2906417e-01
  5.2730901e-01   1.2865477e-01
  5.3233009e-01   1.2878109e-01
  5.3747281e-01   1.2862317e-01
  5.4242782e-01   1.2871486e-01
  5.4731972e-01   1.2788311e-01
  5.5232898e-01   1.2838461e-01
  5.5733483e-01   1.2798648e-01
  5.6234468e-01   1.2732794e-01
  5.6741369e-01   1.2811459e-01
  5.7243211e-01   1.2853159e-01
  5.7743378e-01   1.2771507e-01
  5.8231555e-01   1.2713119e-01
  5.8728631e-01   1.2686109e-01
  5.9237195e-01   1.2924387e-01
  5.9739156e-01   1.2725335e-01
  6.0242814e-01   1.2650319e-01
  6.0733831e-01   1.2895486e-01
  6.1216534e-01   1.2874602e-01
  6.1730342e-01   1.2798736e-01
  6.2247235e-01   1.2842684e-01
  6.2754964e-01   1.2686170e-01
  6.3248637e-01   1.2812960e-01
  6.3733464e-01   1.2841057e-01
  6.4237696e-01   1.2722479e-01
  6.4746340e-01   1.2886799e-01
  6.5252716e-01   1.2705290e-01
  6.5754505e-01   1.2628076e-01
  6.6253670e-01   1.2625565e-01
  6.6735920e-01   1.2631771e-01
  6.7206764e-01   1.2902474e-01
  6.7718157e-01   1.2647003e-01
  6.8251372e-01   1.3024625e-01
  6.8760067e-01   1.2776409e-01
  6.9301876e-01   1.2534421e-01
  6.9653308e-01   1.2645415e-01
  7.0122909e-01   1.2662765e-01
  7.0710678e-01   1.4157754e-01
