  0.0000000e+00   5.7248983e+08
  6.0355339e-03   4.3113310e+04
  1.1625704e-02   5.4394229e+03
  1.6535658e-02   1.4154884e+03
  2.1194270e-02   6.2032509e+02
  2.6643563e-02   3.0395543e+02
  3.1687384e-02   1.5824724e+02
  3.6686531e-02   9.9990644e+01
  4.1931406e-02   6.8575568e+01
  4.6938495e-02   4.7927755e+01
  5.1882930e-02   3.7366050e+01
  5.6708130e-02   3.0337715e+01
  6.1628458e-02   2.4496211e+01
  6.6941402e-02   2.2674088e+01
  7.2080259e-02   1.8835667e+01
  7.6940452e-02   1.6488313e+01
  8.2050626e-02   1.4870330e+01
  8.6947257e-02   1.3497298e+01
  9.2055923e-02   1.3129234e+01
  9.7101346e-02   1.1147599e+01
  1.0193919e-01   1.0589191e+01
  1.0713223e-01   9.3707388e+00
  1.1210916e-01   8.9432483e+00
  1.1693242e-01   8.6160913e+00
  1.2182575e-01   7.7871777e+00
  1.2695388e-01   7.5482422e+00
  1.3223922e-01   6.7922500e+00
  1.3719237e-01   6.6348149e+00
  1.4203187e-01   6.2295015e+00
  1.4699084e-01   5.6707682e+00
  1.5196609e-01   5.4401265e+00
  1.5711038e-01   5.0055903e+00
  1.6214458e-01   5.1763365e+00
  1.6723205e-01   4.3875969e+00
  1.7228499e-01   4.2297795e+00
  1.7714755e-01   4.3171877e+00
  1.8206082e-01   3.7577799e+00
  1.8699206e-01   3.7511585e+00
  1.9221504e-01   3.2726002e+00
  1.9728973e-01   3.3679154e+00
  2.0204019e-01   3.2983220e+00
  2.0702274e-01   2.9414972e+00
  2.1209304e-01   2.7777522e+00
  2.1722515e-01   2.5213911e+00
  2.2229203e-01   2.5273482e+00
  2.2716897e-01   2.4579333e+00
  2.3208621e-01   2.2457955e+00
  2.3706324e-01   2.1822391e+00
  2.4209630e-01   1.9785474e+00
  2.4708886e-01   1.9445087e+00
  2.5223849e-01   1.7725070e+00
  2.5732923e-01   1.7176578e+00
  2.6221185e-01   1.6964899e+00
  2.6715089e-01   1.5137581e+00
  2.7206913e-01   1.5170536e+00
  2.7719028e-01   1.2876770e+00
  2.8224737e-01   1.3189201e+00
  2.8723902e-01   1.2283290e+00
  2.9220417e-01   1.1563761e+00
  2.9713400e-01   1.1071325e+00
  3.0216522e-01   1.0055184e+00
  3.0723428e-01   9.9725797e-01
  3.1227901e-01   9.2341774e-01
  3.1725066e-01   8.5947085e-01
  3.2215775e-01   8.4504692e-01
  3.2719516e-01   7.4871004e-01
  3.3219206e-01   7.4856778e-01
  3.3719196e-01   6.7081854e-01
  3.4226898e-01   6.2778760e-01
  3.4724764e-01   6.2709858e-01
  3.5215670e-01   5.5940644e-01
  3.5706391e-01   5.5441987e-01
  3.6213505e-01   4.8959550e-01
  3.6723354e-01   4.7397276e-01
  3.7225891e-01   4.4249320e-01
  3.7722627e-01   4.1608101e-01
  3.8224487e-01   3.8483749e-01
  3.8733654e-01   3.5581918e-01
  3.9226576e-01   3.5624170e-01
  3.9717060e-01   3.2279027e-01
  4.0221212e-01   2.9804743e-01
  4.0721746e-01   2.8671893e-01
  4.1225207e-01   2.6211456e-01
  4.1722273e-01   2.5559692e-01
  4.2219228e-01   2.3438110e-01
  4.2724000e-01   2.2205760e-01
  4.3231121e-01   2.1116031e-01
  4.3730787e-01   1.9847762e-01
  4.4217411e-01   1.9094045e-01
  4.4723304e-01   1.7595248e-01
  4.5233047e-01   1.7176471e-01
  4.5728741e-01   1.6426325e-01
  4.6224142e-01   1.5681561e-01
  4.6723469e-01   1.5012304e-01
  4.7227266e-01   1.4581329e-01
  4.7724018e-01   1.4167275e-01
  4.8216001e-01   1.3827813e-01
  4.8721088e-01   1.3500127e-01
  4.9224994e-01   1.3372285e-01
  4.9727019e-01   1.3222695e-01
  5.0230602e-01   1.3111646e-01
  5.0740078e-01   1.2878611e-01
  5.1249775e-01   1.2858254e-01
  5.1741244e-01   1.2860598e-01
  5.2234742e-01   1.2923918e-01
  5.2730901e-01   1.2881766e-01
  5.3233009e-01   1.2892642e-01
  5.3747281e-01   1.2870625e-01
  5.4242782e-01   1.2883380e-01
  5.4731972e-01   1.2798591e-01
  5.5232898e-01   1.2845735e-01
  5.5733483e-01   1.2806957e-01
  5.6234468e-01   1.2738920e-01
  5.6741369e-01   1.2818456e-01
  5.7243211e-01   1.2858868e-01
  5.7743378e-01   1.2776404e-01
  5.8231555e-01   1.2718519e-01
  5.8728631e-01   1.2692055e-01
  5.9237195e-01   1.2930083e-01
  5.9739156e-01   1.2729132e-01
  6.0242814e-01   1.2653098e-01
  6.0733831e-01   1.2900303e-01
  6.1216534e-01   1.2878092e-01
  6.1730342e-01   1.2803165e-01
  6.2247235e-01   1.2845460e-01
  6.2754964e-01   1.2687869e-01
  6.3248637e-01   1.2814522e-01
  6.3733464e-01   1.2842610e-01
  6.4237696e-01   1.2725355e-01
  6.4746340e-01   1.2889127e-01
  6.5252716e-01   1.2705608e-01
  6.5754505e-01   1.2630821e-01
  6.6253670e-01   1.2625853e-01
  6.6735920e-01   1.2636168e-01
  6.7206764e-01   1.2902336e-01
  6.7718157e-01   1.2649784e-01
  6.8251372e-01   1.3026362e-01
  6.8760067e-01   1.2776624e-01
  6.9301876e-01   1.2535708e-01
  6.9653308e-01   1.2647212e-01
  7.0122909e-01   1.2665198e-01
  7.0710678e-01   1.4156519e-01
