  0.0000000e+00   1.0000000e+00
  1.0000000e-03   1.0000031e+00
  2.0000000e-03   1.0000123e+00
  3.0000000e-03   1.0000278e+00
  4.0000000e-03   1.0000493e+00
  5.0000000e-03   1.0000771e+00
  6.0000000e-03   1.0001110e+00
  7.0000000e-03   1.0001511e+00
  8.0000000e-03   1.0001974e+00
  9.0000000e-03   1.0002498e+00
  1.0000000e-02   1.0003084e+00
  1.1000000e-02   1.0003732e+00
  1.2000000e-02   1.0004442e+00
  1.3000000e-02   1.0005213e+00
  1.4000000e-02   1.0006046e+00
  1.5000000e-02   1.0006941e+00
  1.6000000e-02   1.0007897e+00
  1.7000000e-02   1.0008915e+00
  1.8000000e-02   1.0009995e+00
  1.9000000e-02   1.0011137e+00
  2.0000000e-02   1.0012341e+00
  2.1000000e-02   1.0013606e+00
  2.2000000e-02   1.0014933e+00
  2.3000000e-02   1.0016322e+00
  2.4000000e-02   1.0017773e+00
  2.5000000e-02   1.0019286e+00
  2.6000000e-02   1.0020860e+00
  2.7000000e-02   1.0022497e+00
  2.8000000e-02   1.0024195e+00
  2.9000000e-02   1.0025955e+00
  3.0000000e-02   1.0027778e+00
  3.1000000e-02   1.0029662e+00
  3.2000000e-02   1.0031608e+00
  3.3000000e-02   1.0033616e+00
  3.4000000e-02   1.0035686e+00
  3.5000000e-02   1.0037818e+00
  3.6000000e-02   1.0040012e+00
  3.7000000e-02   1.0042268e+00
  3.8000000e-02   1.0044586e+00
  3.9000000e-02   1.0046966e+00
  4.0000000e-02   1.0049409e+00
  4.1000000e-02   1.0051913e+00
  4.2000000e-02   1.0054480e+00
  4.3000000e-02   1.0057109e+00
  4.4000000e-02   1.0059800e+00
  4.5000000e-02   1.0062553e+00
  4.6000000e-02   1.0065368e+00
  4.7000000e-02   1.0068246e+00
  4.8000000e-02   1.0071186e+00
  4.9000000e-02   1.0074189e+00
  5.0000000e-02   1.0077253e+00
  5.1000000e-02   1.0080380e+00
  5.2000000e-02   1.0083570e+00
  5.3000000e-02   1.0086822e+00
  5.4000000e-02   1.0090136e+00
  5.5000000e-02   1.0093513e+00
  5.6000000e-02   1.0096952e+00
  5.7000000e-02   1.0100454e+00
  5.8000000e-02   1.0104018e+00
  5.9000000e-02   1.0107645e+00
  6.0000000e-02   1.0111334e+00
  6.1000000e-02   1.0115086e+00
  6.2000000e-02   1.0118901e+00
  6.3000000e-02   1.0122779e+00
  6.4000000e-02   1.0126719e+00
  6.5000000e-02   1.0130722e+00
  6.6000000e-02   1.0134788e+00
  6.7000000e-02   1.0138916e+00
  6.8000000e-02   1.0143107e+00
  6.9000000e-02   1.0147362e+00
  7.0000000e-02   1.0151679e+00
  7.1000000e-02   1.0156059e+00
  7.2000000e-02   1.0160502e+00
  7.3000000e-02   1.0165008e+00
  7.4000000e-02   1.0169577e+00
  7.5000000e-02   1.0174209e+00
  7.6000000e-02   1.0178904e+00
  7.7000000e-02   1.0183662e+00
  7.8000000e-02   1.0188484e+00
  7.9000000e-02   1.0193368e+00
  8.0000000e-02   1.0198316e+00
  8.1000000e-02   1.0203327e+00
  8.2000000e-02   1.0208401e+00
  8.3000000e-02   1.0213539e+00
  8.4000000e-02   1.0218740e+00
  8.5000000e-02   1.0224004e+00
  8.6000000e-02   1.0229331e+00
  8.7000000e-02   1.0234722e+00
  8.8000000e-02   1.0240177e+00
  8.9000000e-02   1.0245695e+00
  9.0000000e-02   1.0251276e+00
  9.1000000e-02   1.0256921e+00
  9.2000000e-02   1.0262630e+00
  9.3000000e-02   1.0268402e+00
  9.4000000e-02   1.0274237e+00
  9.5000000e-02   1.0280137e+00
  9.6000000e-02   1.0286100e+00
  9.7000000e-02   1.0292127e+00
  9.8000000e-02   1.0298217e+00
  9.9000000e-02   1.0304371e+00
  1.0000000e-01   1.0310589e+00
  1.0100000e-01   1.0316871e+00
  1.0200000e-01   1.0323217e+00
  1.0300000e-01   1.0329626e+00
  1.0400000e-01   1.0336100e+00
  1.0500000e-01   1.0342637e+00
  1.0600000e-01   1.0349238e+00
  1.0700000e-01   1.0355903e+00
  1.0800000e-01   1.0362632e+00
  1.0900000e-01   1.0369425e+00
  1.1000000e-01   1.0376282e+00
  1.1100000e-01   1.0383203e+00
  1.1200000e-01   1.0390189e+00
  1.1300000e-01   1.0397238e+00
  1.1400000e-01   1.0404351e+00
  1.1500000e-01   1.0411529e+00
  1.1600000e-01   1.0418770e+00
  1.1700000e-01   1.0426076e+00
  1.1800000e-01   1.0433446e+00
  1.1900000e-01   1.0440880e+00
  1.2000000e-01   1.0448378e+00
  1.2100000e-01   1.0455940e+00
  1.2200000e-01   1.0463567e+00
  1.2300000e-01   1.0471257e+00
  1.2400000e-01   1.0479012e+00
  1.2500000e-01   1.0486831e+00
  1.2600000e-01   1.0494714e+00
  1.2700000e-01   1.0502662e+00
  1.2800000e-01   1.0510674e+00
  1.2900000e-01   1.0518750e+00
  1.3000000e-01   1.0526890e+00
  1.3100000e-01   1.0535094e+00
  1.3200000e-01   1.0543363e+00
  1.3300000e-01   1.0551696e+00
  1.3400000e-01   1.0560093e+00
  1.3500000e-01   1.0568554e+00
  1.3600000e-01   1.0577079e+00
  1.3700000e-01   1.0585668e+00
  1.3800000e-01   1.0594322e+00
  1.3900000e-01   1.0603040e+00
  1.4000000e-01   1.0611822e+00
  1.4100000e-01   1.0620668e+00
  1.4200000e-01   1.0629578e+00
  1.4300000e-01   1.0638552e+00
  1.4400000e-01   1.0647590e+00
  1.4500000e-01   1.0656692e+00
  1.4600000e-01   1.0665858e+00
  1.4700000e-01   1.0675088e+00
  1.4800000e-01   1.0684382e+00
  1.4900000e-01   1.0693740e+00
  1.5000000e-01   1.0703161e+00
  1.5100000e-01   1.0712647e+00
  1.5200000e-01   1.0722196e+00
  1.5300000e-01   1.0731808e+00
  1.5400000e-01   1.0741485e+00
  1.5500000e-01   1.0751225e+00
  1.5600000e-01   1.0761028e+00
  1.5700000e-01   1.0770895e+00
  1.5800000e-01   1.0780825e+00
  1.5900000e-01   1.0790819e+00
  1.6000000e-01   1.0800876e+00
  1.6100000e-01   1.0810996e+00
  1.6200000e-01   1.0821179e+00
  1.6300000e-01   1.0831426e+00
  1.6400000e-01   1.0841735e+00
  1.6500000e-01   1.0852107e+00
  1.6600000e-01   1.0862542e+00
  1.6700000e-01   1.0873040e+00
  1.6800000e-01   1.0883600e+00
  1.6900000e-01   1.0894223e+00
  1.7000000e-01   1.0904908e+00
  1.7100000e-01   1.0915655e+00
  1.7200000e-01   1.0926465e+00
  1.7300000e-01   1.0937337e+00
  1.7400000e-01   1.0948270e+00
  1.7500000e-01   1.0959266e+00
  1.7600000e-01   1.0970323e+00
  1.7700000e-01   1.0981442e+00
  1.7800000e-01   1.0992622e+00
  1.7900000e-01   1.1003863e+00
  1.8000000e-01   1.1015166e+00
  1.8100000e-01   1.1026530e+00
  1.8200000e-01   1.1037954e+00
  1.8300000e-01   1.1049440e+00
  1.8400000e-01   1.1060985e+00
  1.8500000e-01   1.1072591e+00
  1.8600000e-01   1.1084258e+00
  1.8700000e-01   1.1095984e+00
  1.8800000e-01   1.1107770e+00
  1.8900000e-01   1.1119616e+00
  1.9000000e-01   1.1131521e+00
  1.9100000e-01   1.1143485e+00
  1.9200000e-01   1.1155508e+00
  1.9300000e-01   1.1167590e+00
  1.9400000e-01   1.1179731e+00
  1.9500000e-01   1.1191930e+00
  1.9600000e-01   1.1204187e+00
  1.9700000e-01   1.1216502e+00
  1.9800000e-01   1.1228875e+00
  1.9900000e-01   1.1241305e+00
  2.0000000e-01   1.1253792e+00
  2.0100000e-01   1.1266336e+00
  2.0200000e-01   1.1278936e+00
  2.0300000e-01   1.1291593e+00
  2.0400000e-01   1.1304306e+00
  2.0500000e-01   1.1317074e+00
  2.0600000e-01   1.1329898e+00
  2.0700000e-01   1.1342777e+00
  2.0800000e-01   1.1355711e+00
  2.0900000e-01   1.1368699e+00
  2.1000000e-01   1.1381742e+00
  2.1100000e-01   1.1394838e+00
  2.1200000e-01   1.1407987e+00
  2.1300000e-01   1.1421190e+00
  2.1400000e-01   1.1434445e+00
  2.1500000e-01   1.1447752e+00
  2.1600000e-01   1.1461112e+00
  2.1700000e-01   1.1474523e+00
  2.1800000e-01   1.1487985e+00
  2.1900000e-01   1.1501498e+00
  2.2000000e-01   1.1515061e+00
  2.2100000e-01   1.1528674e+00
  2.2200000e-01   1.1542336e+00
  2.2300000e-01   1.1556047e+00
  2.2400000e-01   1.1569807e+00
  2.2500000e-01   1.1583615e+00
  2.2600000e-01   1.1597470e+00
  2.2700000e-01   1.1611372e+00
  2.2800000e-01   1.1625321e+00
  2.2900000e-01   1.1639316e+00
  2.3000000e-01   1.1653356e+00
  2.3100000e-01   1.1667441e+00
  2.3200000e-01   1.1681571e+00
  2.3300000e-01   1.1695744e+00
  2.3400000e-01   1.1709961e+00
  2.3500000e-01   1.1724220e+00
  2.3600000e-01   1.1738522e+00
  2.3700000e-01   1.1752865e+00
  2.3800000e-01   1.1767248e+00
  2.3900000e-01   1.1781672e+00
  2.4000000e-01   1.1796136e+00
  2.4100000e-01   1.1810638e+00
  2.4200000e-01   1.1825178e+00
  2.4300000e-01   1.1839757e+00
  2.4400000e-01   1.1854371e+00
  2.4500000e-01   1.1869022e+00
  2.4600000e-01   1.1883708e+00
  2.4700000e-01   1.1898429e+00
  2.4800000e-01   1.1913184e+00
  2.4900000e-01   1.1927972e+00
  2.5000000e-01   1.1942792e+00
  2.5100000e-01   1.1957644e+00
  2.5200000e-01   1.1972526e+00
  2.5300000e-01   1.1987438e+00
  2.5400000e-01   1.2002379e+00
  2.5500000e-01   1.2017348e+00
  2.5600000e-01   1.2032344e+00
  2.5700000e-01   1.2047367e+00
  2.5800000e-01   1.2062415e+00
  2.5900000e-01   1.2077487e+00
  2.6000000e-01   1.2092583e+00
  2.6100000e-01   1.2107702e+00
  2.6200000e-01   1.2122842e+00
  2.6300000e-01   1.2138003e+00
  2.6400000e-01   1.2153183e+00
  2.6500000e-01   1.2168382e+00
  2.6600000e-01   1.2183598e+00
  2.6700000e-01   1.2198830e+00
  2.6800000e-01   1.2214078e+00
  2.6900000e-01   1.2229340e+00
  2.7000000e-01   1.2244615e+00
  2.7100000e-01   1.2259902e+00
  2.7200000e-01   1.2275199e+00
  2.7300000e-01   1.2290506e+00
  2.7400000e-01   1.2305821e+00
  2.7500000e-01   1.2321144e+00
  2.7600000e-01   1.2336472e+00
  2.7700000e-01   1.2351804e+00
  2.7800000e-01   1.2367140e+00
  2.7900000e-01   1.2382478e+00
  2.8000000e-01   1.2397816e+00
  2.8100000e-01   1.2413153e+00
  2.8200000e-01   1.2428489e+00
  2.8300000e-01   1.2443821e+00
  2.8400000e-01   1.2459147e+00
  2.8500000e-01   1.2474467e+00
  2.8600000e-01   1.2489780e+00
  2.8700000e-01   1.2505083e+00
  2.8800000e-01   1.2520375e+00
  2.8900000e-01   1.2535654e+00
  2.9000000e-01   1.2550920e+00
  2.9100000e-01   1.2566170e+00
  2.9200000e-01   1.2581402e+00
  2.9300000e-01   1.2596616e+00
  2.9400000e-01   1.2611809e+00
  2.9500000e-01   1.2626980e+00
  2.9600000e-01   1.2642127e+00
  2.9700000e-01   1.2657248e+00
  2.9800000e-01   1.2672342e+00
  2.9900000e-01   1.2687406e+00
  3.0000000e-01   1.2702440e+00
  3.0100000e-01   1.2717441e+00
  3.0200000e-01   1.2732407e+00
  3.0300000e-01   1.2747336e+00
  3.0400000e-01   1.2762227e+00
  3.0500000e-01   1.2777077e+00
  3.0600000e-01   1.2791885e+00
  3.0700000e-01   1.2806648e+00
  3.0800000e-01   1.2821365e+00
  3.0900000e-01   1.2836033e+00
  3.1000000e-01   1.2850651e+00
  3.1100000e-01   1.2865216e+00
  3.1200000e-01   1.2879726e+00
  3.1300000e-01   1.2894179e+00
  3.1400000e-01   1.2908573e+00
  3.1500000e-01   1.2922906e+00
  3.1600000e-01   1.2937174e+00
  3.1700000e-01   1.2951377e+00
  3.1800000e-01   1.2965512e+00
  3.1900000e-01   1.2979576e+00
  3.2000000e-01   1.2993568e+00
  3.2100000e-01   1.3007484e+00
  3.2200000e-01   1.3021322e+00
  3.2300000e-01   1.3035080e+00
  3.2400000e-01   1.3048755e+00
  3.2500000e-01   1.3062346e+00
  3.2600000e-01   1.3075849e+00
  3.2700000e-01   1.3089261e+00
  3.2800000e-01   1.3102581e+00
  3.2900000e-01   1.3115805e+00
  3.3000000e-01   1.3128932e+00
  3.3100000e-01   1.3141957e+00
  3.3200000e-01   1.3154880e+00
  3.3300000e-01   1.3167696e+00
  3.3400000e-01   1.3180403e+00
  3.3500000e-01   1.3192999e+00
  3.3600000e-01   1.3205480e+00
  3.3700000e-01   1.3217844e+00
  3.3800000e-01   1.3230088e+00
  3.3900000e-01   1.3242209e+00
  3.4000000e-01   1.3254204e+00
  3.4100000e-01   1.3266070e+00
  3.4200000e-01   1.3277804e+00
  3.4300000e-01   1.3289403e+00
  3.4400000e-01   1.3300864e+00
  3.4500000e-01   1.3312184e+00
  3.4600000e-01   1.3323361e+00
  3.4700000e-01   1.3334390e+00
  3.4800000e-01   1.3345269e+00
  3.4900000e-01   1.3355994e+00
  3.5000000e-01   1.3366563e+00
  3.5100000e-01   1.3376972e+00
  3.5200000e-01   1.3387218e+00
  3.5300000e-01   1.3397297e+00
  3.5400000e-01   1.3407207e+00
  3.5500000e-01   1.3416945e+00
  3.5600000e-01   1.3426506e+00
  3.5700000e-01   1.3435887e+00
  3.5800000e-01   1.3445086e+00
  3.5900000e-01   1.3454098e+00
  3.6000000e-01   1.3462920e+00
  3.6100000e-01   1.3471550e+00
  3.6200000e-01   1.3479983e+00
  3.6300000e-01   1.3488216e+00
  3.6400000e-01   1.3496245e+00
  3.6500000e-01   1.3504067e+00
  3.6600000e-01   1.3511679e+00
  3.6700000e-01   1.3519076e+00
  3.6800000e-01   1.3526256e+00
  3.6900000e-01   1.3533215e+00
  3.7000000e-01   1.3539949e+00
  3.7100000e-01   1.3546455e+00
  3.7200000e-01   1.3552728e+00
  3.7300000e-01   1.3558766e+00
  3.7400000e-01   1.3564565e+00
  3.7500000e-01   1.3570121e+00
  3.7600000e-01   1.3575430e+00
  3.7700000e-01   1.3580489e+00
  3.7800000e-01   1.3585295e+00
  3.7900000e-01   1.3589843e+00
  3.8000000e-01   1.3594129e+00
  3.8100000e-01   1.3598151e+00
  3.8200000e-01   1.3601904e+00
  3.8300000e-01   1.3605385e+00
  3.8400000e-01   1.3608590e+00
  3.8500000e-01   1.3611515e+00
  3.8600000e-01   1.3614157e+00
  3.8700000e-01   1.3616512e+00
  3.8800000e-01   1.3618576e+00
  3.8900000e-01   1.3620346e+00
  3.9000000e-01   1.3621818e+00
  3.9100000e-01   1.3622988e+00
  3.9200000e-01   1.3623852e+00
  3.9300000e-01   1.3624408e+00
  3.9400000e-01   1.3624651e+00
  3.9500000e-01   1.3624578e+00
  3.9600000e-01   1.3624184e+00
  3.9700000e-01   1.3623468e+00
  3.9800000e-01   1.3622424e+00
  3.9900000e-01   1.3621050e+00
  4.0000000e-01   1.3619341e+00
  4.0100000e-01   1.3617295e+00
  4.0200000e-01   1.3614907e+00
  4.0300000e-01   1.3612175e+00
  4.0400000e-01   1.3609095e+00
  4.0500000e-01   1.3605663e+00
  4.0600000e-01   1.3601876e+00
  4.0700000e-01   1.3597731e+00
  4.0800000e-01   1.3593224e+00
  4.0900000e-01   1.3588352e+00
  4.1000000e-01   1.3583112e+00
  4.1100000e-01   1.3577500e+00
  4.1200000e-01   1.3571514e+00
  4.1300000e-01   1.3565150e+00
  4.1400000e-01   1.3558405e+00
  4.1500000e-01   1.3551276e+00
  4.1600000e-01   1.3543760e+00
  4.1700000e-01   1.3535854e+00
  4.1800000e-01   1.3527555e+00
  4.1900000e-01   1.3518860e+00
  4.2000000e-01   1.3509767e+00
  4.2100000e-01   1.3500272e+00
  4.2200000e-01   1.3490372e+00
  4.2300000e-01   1.3480067e+00
  4.2400000e-01   1.3469351e+00
  4.2500000e-01   1.3458224e+00
  4.2600000e-01   1.3446682e+00
  4.2700000e-01   1.3434723e+00
  4.2800000e-01   1.3422345e+00
  4.2900000e-01   1.3409546e+00
  4.3000000e-01   1.3396322e+00
  4.3100000e-01   1.3382673e+00
  4.3200000e-01   1.3368596e+00
  4.3300000e-01   1.3354088e+00
  4.3400000e-01   1.3339149e+00
  4.3500000e-01   1.3323776e+00
  4.3600000e-01   1.3307967e+00
  4.3700000e-01   1.3291721e+00
  4.3800000e-01   1.3275036e+00
  4.3900000e-01   1.3257910e+00
  4.4000000e-01   1.3240343e+00
  4.4100000e-01   1.3222332e+00
  4.4200000e-01   1.3203877e+00
  4.4300000e-01   1.3184975e+00
  4.4400000e-01   1.3165627e+00
  4.4500000e-01   1.3145831e+00
  4.4600000e-01   1.3125587e+00
  4.4700000e-01   1.3104892e+00
  4.4800000e-01   1.3083747e+00
  4.4900000e-01   1.3062152e+00
  4.5000000e-01   1.3040104e+00
  4.5100000e-01   1.3017605e+00
  4.5200000e-01   1.2994653e+00
  4.5300000e-01   1.2971248e+00
  4.5400000e-01   1.2947391e+00
  4.5500000e-01   1.2923081e+00
  4.5600000e-01   1.2898319e+00
  4.5700000e-01   1.2873103e+00
  4.5800000e-01   1.2847436e+00
  4.5900000e-01   1.2821316e+00
  4.6000000e-01   1.2794746e+00
  4.6100000e-01   1.2767724e+00
  4.6200000e-01   1.2740252e+00
  4.6300000e-01   1.2712331e+00
  4.6400000e-01   1.2683962e+00
  4.6500000e-01   1.2655145e+00
  4.6600000e-01   1.2625881e+00
  4.6700000e-01   1.2596173e+00
  4.6800000e-01   1.2566022e+00
  4.6900000e-01   1.2535428e+00
  4.7000000e-01   1.2504393e+00
  4.7100000e-01   1.2472919e+00
  4.7200000e-01   1.2441009e+00
  4.7300000e-01   1.2408663e+00
  4.7400000e-01   1.2375884e+00
  4.7500000e-01   1.2342674e+00
  4.7600000e-01   1.2309035e+00
  4.7700000e-01   1.2274969e+00
  4.7800000e-01   1.2240479e+00
  4.7900000e-01   1.2205568e+00
  4.8000000e-01   1.2170238e+00
  4.8100000e-01   1.2134492e+00
  4.8200000e-01   1.2098333e+00
  4.8300000e-01   1.2061763e+00
  4.8400000e-01   1.2024787e+00
  4.8500000e-01   1.1987406e+00
  4.8600000e-01   1.1949625e+00
  4.8700000e-01   1.1911447e+00
  4.8800000e-01   1.1872875e+00
  4.8900000e-01   1.1833913e+00
  4.9000000e-01   1.1794565e+00
  4.9100000e-01   1.1754834e+00
  4.9200000e-01   1.1714724e+00
  4.9300000e-01   1.1674240e+00
  4.9400000e-01   1.1633385e+00
  4.9500000e-01   1.1592163e+00
  4.9600000e-01   1.1550580e+00
  4.9700000e-01   1.1508638e+00
  4.9800000e-01   1.1466343e+00
  4.9900000e-01   1.1423700e+00
  5.0000000e-01   2.2761424e+00
