  0.0000000e+00   5.2656573e+07
  1.2071068e-02   2.5896654e+04
  2.3251408e-02   7.4887254e+03
  3.3071316e-02   1.7482047e+04
  4.2388540e-02   5.6680217e+03
  5.3287127e-02   6.1499941e+03
  6.3374769e-02   4.3885439e+03
  7.3373062e-02   2.8788437e+03
  8.3862812e-02   2.7407309e+03
  9.3876991e-02   2.2240156e+03
  1.0376586e-01   1.9218227e+03
  1.1341626e-01   2.3801763e+03
  1.2325692e-01   1.6714250e+03
  1.3388280e-01   1.4724423e+03
  1.4416052e-01   1.7363600e+03
  1.5388090e-01   1.4344211e+03
  1.6410125e-01   1.4371247e+03
  1.7389451e-01   1.5781454e+03
  1.8411185e-01   1.5631855e+03
  1.9420269e-01   1.6168602e+03
  2.0387838e-01   1.6616771e+03
  2.1426445e-01   1.4433877e+03
  2.2421832e-01   1.5448944e+03
  2.3386484e-01   1.4254095e+03
  2.4365149e-01   1.3183872e+03
  2.5390777e-01   1.2447941e+03
  2.6447845e-01   1.1375279e+03
  2.7438473e-01   1.2479659e+03
  2.8406375e-01   1.3522331e+03
  2.9398167e-01   1.0967121e+03
  3.0393219e-01   1.1826318e+03
  3.1422076e-01   1.2130199e+03
  3.2428917e-01   1.3208824e+03
  3.3446410e-01   1.3535982e+03
  3.4456997e-01   1.3997804e+03
  3.5429510e-01   1.6265435e+03
  3.6412164e-01   1.5974224e+03
  3.7398411e-01   1.4747566e+03
  3.8443008e-01   1.1786285e+03
  3.9457947e-01   1.1612388e+03
  4.0408038e-01   1.0871728e+03
  4.1404548e-01   8.9730462e+02
  4.2418608e-01   9.0403334e+02
  4.3445029e-01   8.0979476e+02
  4.4458407e-01   8.8717321e+02
  4.5433794e-01   9.5976736e+02
  4.6417242e-01   1.0329118e+03
  4.7412647e-01   1.2225399e+03
  4.8419259e-01   1.2906817e+03
  4.9417771e-01   1.4445515e+03
  5.0459614e-01   7.7390926e+02
  5.1500546e-01   9.5412417e+01
  5.2466725e-01   8.4665185e+01
  5.3450280e-01   7.1010538e+01
  5.4442274e-01   7.0974542e+01
  5.5468065e-01   7.3697337e+01
  5.6500035e-01   6.8717435e+01
  5.7472267e-01   6.8041750e+01
  5.8450014e-01   6.9081324e+01
  5.9443642e-01   6.4213613e+01
  6.0471646e-01   6.8614959e+01
  6.1475321e-01   5.6543326e+01
  6.2477433e-01   5.0769452e+01
  6.3495837e-01   5.0867978e+01
  6.4411762e-01   4.8715889e+01
  6.5458975e-01   4.7879518e+01
  6.6515647e-01   5.1607092e+01
  6.7517831e-01   6.0184195e+01
  6.8602720e-01   7.3159256e+01
  6.9303679e-01   6.0290869e+01
  7.0147850e-01   2.5943262e+01
