  0.0000000e+00   1.3114871e+01
  1.2071068e-02   1.0108011e+04
  2.3251408e-02   9.5922733e+02
  3.3071316e-02   2.6096782e+02
  4.2388540e-02   1.0611181e+02
  5.3287127e-02   5.2850642e+01
  6.3374769e-02   2.7261093e+01
  7.3373062e-02   1.6616791e+01
  8.3862812e-02   1.0778476e+01
  9.3876991e-02   7.5889544e+00
  1.0376586e-01   5.7239423e+00
  1.1341626e-01   4.3974097e+00
  1.2325692e-01   3.7842320e+00
  1.3388280e-01   3.1876368e+00
  1.4416052e-01   2.7807209e+00
  1.5388090e-01   2.5567209e+00
  1.6410125e-01   2.3901080e+00
  1.7389451e-01   2.1035335e+00
  1.8411185e-01   2.0687778e+00
  1.9420269e-01   1.8390981e+00
  2.0387838e-01   1.7819606e+00
  2.1426445e-01   1.7289407e+00
  2.2421832e-01   1.6302604e+00
  2.3386484e-01   1.5804265e+00
  2.4365149e-01   1.4859637e+00
  2.5390777e-01   1.5218356e+00
  2.6447845e-01   1.3979626e+00
  2.7438473e-01   1.3944142e+00
  2.8406375e-01   1.3767241e+00
  2.9398167e-01   1.2859891e+00
  3.0393219e-01   1.2806645e+00
  3.1422076e-01   1.2399803e+00
  3.2428917e-01   1.2911555e+00
  3.3446410e-01   1.1800786e+00
  3.4456997e-01   1.1830413e+00
  3.5429510e-01   1.1940138e+00
  3.6412164e-01   1.1272558e+00
  3.7398411e-01   1.1437795e+00
  3.8443008e-01   1.0715838e+00
  3.9457947e-01   1.0993083e+00
  4.0408038e-01   1.1013414e+00
  4.1404548e-01   1.0779286e+00
  4.2418608e-01   1.0482217e+00
  4.3445029e-01   1.0104578e+00
  4.4458407e-01   1.0276021e+00
  4.5433794e-01   1.0200722e+00
  4.6417242e-01   9.8498208e-01
  4.7412647e-01   9.8877591e-01
  4.8419259e-01   9.6004291e-01
  4.9417771e-01   9.7079422e-01
  5.0459614e-01   8.3753146e-01
  5.1500546e-01   6.1286466e-01
  5.2466725e-01   5.6648019e-01
  5.3450280e-01   5.4756859e-01
  5.4442274e-01   5.4352507e-01
  5.5468065e-01   5.4000291e-01
  5.6500035e-01   5.3191714e-01
  5.7472267e-01   5.2444677e-01
  5.8450014e-01   5.2414025e-01
  5.9443642e-01   5.2984396e-01
  6.0471646e-01   5.1821819e-01
  6.1475321e-01   5.1986112e-01
  6.2477433e-01   5.1863140e-01
  6.3495837e-01   5.2091873e-01
  6.4411762e-01   5.1700109e-01
  6.5458975e-01   5.1059605e-01
  6.6515647e-01   5.1655401e-01
  6.7517831e-01   5.1389331e-01
  6.8602720e-01   5.1898249e-01
  6.9303679e-01   5.2229939e-01
  7.0147850e-01   5.0974751e-01
