  0.0000000e+00   5.2640202e+07
  1.2071068e-02   1.0308971e+04
  2.3251408e-02   2.2744624e+03
  3.3071316e-02   1.5885688e+03
  4.2388540e-02   1.2581520e+03
  5.3287127e-02   8.1154608e+02
  6.3374769e-02   8.7323445e+02
  7.3373062e-02   6.5484811e+02
  8.3862812e-02   5.7824021e+02
  9.3876991e-02   5.8991815e+02
  1.0376586e-01   5.0555046e+02
  1.1341626e-01   5.3119625e+02
  1.2325692e-01   4.1589198e+02
  1.3388280e-01   3.8583359e+02
  1.4416052e-01   4.2139110e+02
  1.5388090e-01   4.1831195e+02
  1.6410125e-01   3.7884722e+02
  1.7389451e-01   3.9627025e+02
  1.8411185e-01   3.7129862e+02
  1.9420269e-01   4.1271929e+02
  2.0387838e-01   3.9935435e+02
  2.1426445e-01   3.7462772e+02
  2.2421832e-01   4.1543006e+02
  2.3386484e-01   4.3152819e+02
  2.4365149e-01   4.4559555e+02
  2.5390777e-01   4.1604401e+02
  2.6447845e-01   4.2267966e+02
  2.7438473e-01   4.5972906e+02
  2.8406375e-01   6.6367800e+02
  2.9398167e-01   2.8532275e+02
  3.0393219e-01   4.7693788e+02
  3.1422076e-01   4.9177727e+02
  3.2428917e-01   5.1452446e+02
  3.3446410e-01   4.8947882e+02
  3.4456997e-01   5.3304321e+02
  3.5429510e-01   6.0198481e+02
  3.6412164e-01   5.5271153e+02
  3.7398411e-01   5.7851626e+02
  3.8443008e-01   5.3300375e+02
  3.9457947e-01   6.2326843e+02
  4.0408038e-01   6.9633744e+02
  4.1404548e-01   6.1453786e+02
  4.2418608e-01   6.5217355e+02
  4.3445029e-01   6.4345049e+02
  4.4458407e-01   6.8852672e+02
  4.5433794e-01   7.1461377e+02
  4.6417242e-01   6.7515078e+02
  4.7412647e-01   6.9158218e+02
  4.8419259e-01   6.4088379e+02
  4.9417771e-01   6.8088464e+02
  5.0459614e-01   3.3224529e+02
  5.1500546e-01   1.3539537e+01
  5.2466725e-01   1.1608050e+01
  5.3450280e-01   1.0043577e+01
  5.4442274e-01   9.7406028e+00
  5.5468065e-01   9.3989774e+00
  5.6500035e-01   9.2241830e+00
  5.7472267e-01   9.1512426e+00
  5.8450014e-01   9.2607345e+00
  5.9443642e-01   9.2831271e+00
  6.0471646e-01   9.3885953e+00
  6.1475321e-01   9.4487091e+00
  6.2477433e-01   9.7285668e+00
  6.3495837e-01   9.8228742e+00
  6.4411762e-01   9.8920498e+00
  6.5458975e-01   1.0250631e+01
  6.6515647e-01   1.0312204e+01
  6.7517831e-01   1.0457613e+01
  6.8602720e-01   1.0741825e+01
  6.9303679e-01   1.0158035e+01
  7.0147850e-01   1.0389715e+01
