  0.0000000e+00   5.2640363e+07
  1.2071068e-02   5.2264759e+04
  2.3251408e-02   1.3425513e+03
  3.3071316e-02   3.0001160e+02
  4.2388540e-02   1.1718084e+02
  5.3287127e-02   5.7330895e+01
  6.3374769e-02   2.9061023e+01
  7.3373062e-02   1.8133680e+01
  8.3862812e-02   1.1855613e+01
  9.3876991e-02   8.4337446e+00
  1.0376586e-01   6.4474527e+00
  1.1341626e-01   4.8741205e+00
  1.2325692e-01   4.1028546e+00
  1.3388280e-01   3.2537081e+00
  1.4416052e-01   2.8529902e+00
  1.5388090e-01   2.6009998e+00
  1.6410125e-01   2.3841718e+00
  1.7389451e-01   2.2227000e+00
  1.8411185e-01   2.2060044e+00
  1.9420269e-01   2.2219128e+00
  2.0387838e-01   2.3932978e+00
  2.1426445e-01   2.7936056e+00
  2.2421832e-01   3.5666838e+00
  2.3386484e-01   5.6334084e+00
  2.4365149e-01   1.9294804e+01
  2.5390777e-01   1.1983565e+02
  2.6447845e-01   1.0034396e+02
  2.7438473e-01   4.2049824e+01
  2.8406375e-01   2.7932880e+01
  2.9398167e-01   1.9901093e+01
  3.0393219e-01   1.5717114e+01
  3.1422076e-01   8.3583842e+00
  3.2428917e-01   9.2001696e+00
  3.3446410e-01   7.3722173e+00
  3.4456997e-01   4.5863214e+00
  3.5429510e-01   4.2284144e+00
  3.6412164e-01   5.7542627e+00
  3.7398411e-01   3.6853317e+00
  3.8443008e-01   3.6768354e+00
  3.9457947e-01   4.8037679e+00
  4.0408038e-01   4.1250078e+00
  4.1404548e-01   3.6036619e+00
  4.2418608e-01   3.7191213e+00
  4.3445029e-01   4.0500509e+00
  4.4458407e-01   3.4619346e+00
  4.5433794e-01   3.2021171e+00
  4.6417242e-01   3.3281556e+00
  4.7412647e-01   3.4615904e+00
  4.8419259e-01   4.4041313e+00
  4.9417771e-01   7.7882059e+00
  5.0459614e-01   3.2492670e+01
  5.1500546e-01   1.4693731e+01
  5.2466725e-01   9.3489643e+00
  5.3450280e-01   6.6807629e+00
  5.4442274e-01   5.5878326e+00
  5.5468065e-01   5.5730332e+00
  5.6500035e-01   3.4062917e+00
  5.7472267e-01   3.1707880e+00
  5.8450014e-01   2.7404737e+00
  5.9443642e-01   3.8494277e+00
  6.0471646e-01   2.7598883e+00
  6.1475321e-01   3.7470449e+00
  6.2477433e-01   3.8623561e+00
  6.3495837e-01   3.6837185e+00
  6.4411762e-01   5.2241353e+00
  6.5458975e-01   4.6509829e+00
  6.6515647e-01   5.0779793e+00
  6.7517831e-01   6.1645429e+00
  6.8602720e-01   8.0092712e+00
  6.9303679e-01   1.0019699e+01
  7.0147850e-01   1.3164971e+01
