  0.0000000e+00   9.5521539e-03
  1.2071068e-02   7.7623152e+03
  2.3251408e-02   1.9700466e+03
  3.3071316e-02   9.1928979e+02
  4.2388540e-02   5.5041535e+02
  5.3287127e-02   3.5081422e+02
  6.3374769e-02   2.3969367e+02
  7.3373062e-02   1.7850369e+02
  8.3862812e-02   1.3437614e+02
  9.3876991e-02   1.0436012e+02
  1.0376586e-01   8.3317895e+01
  1.1341626e-01   6.8770344e+01
  1.2325692e-01   5.7397217e+01
  1.3388280e-01   4.7688998e+01
  1.4416052e-01   3.9721958e+01
  1.5388090e-01   3.4393475e+01
  1.6410125e-01   2.8885707e+01
  1.7389451e-01   2.5288593e+01
  1.8411185e-01   2.1873047e+01
  1.9420269e-01   1.8981431e+01
  2.0387838e-01   1.6627769e+01
  2.1426445e-01   1.4536713e+01
  2.2421832e-01   1.2644945e+01
  2.3386484e-01   1.1199783e+01
  2.4365149e-01   9.8457817e+00
  2.5390777e-01   8.6646620e+00
  2.6447845e-01   7.6348480e+00
  2.7438473e-01   6.7487697e+00
  2.8406375e-01   6.0009610e+00
  2.9398167e-01   5.3254927e+00
  3.0393219e-01   4.7114583e+00
  3.1422076e-01   4.1358782e+00
  3.2428917e-01   3.7101686e+00
  3.3446410e-01   3.2665787e+00
  3.4456997e-01   2.8972722e+00
  3.5429510e-01   2.5725837e+00
  3.6412164e-01   2.3065535e+00
  3.7398411e-01   2.0422521e+00
  3.8443008e-01   1.7992990e+00
  3.9457947e-01   1.5762981e+00
  4.0408038e-01   1.4066364e+00
  4.1404548e-01   1.2445978e+00
  4.2418608e-01   1.1015825e+00
  4.3445029e-01   9.6725659e-01
  4.4458407e-01   8.5951586e-01
  4.5433794e-01   7.5509983e-01
  4.6417242e-01   6.6678239e-01
  4.7412647e-01   5.8679540e-01
  4.8419259e-01   5.1903909e-01
  4.9417771e-01   4.5869386e-01
  5.0459614e-01   3.9916868e-01
  5.1500546e-01   3.4686194e-01
  5.2466725e-01   3.0082008e-01
  5.3450280e-01   2.6794559e-01
  5.4442274e-01   2.3585311e-01
  5.5468065e-01   2.0396644e-01
  5.6500035e-01   1.7839678e-01
  5.7472267e-01   1.5421357e-01
  5.8450014e-01   1.3465637e-01
  5.9443642e-01   1.1933500e-01
  6.0471646e-01   1.0213134e-01
  6.1475321e-01   8.8353873e-02
  6.2477433e-01   7.6230666e-02
  6.3495837e-01   6.6037524e-02
  6.4411762e-01   5.8059408e-02
  6.5458975e-01   4.9492190e-02
  6.6515647e-01   4.1522333e-02
  6.7517831e-01   3.5640815e-02
  6.8602720e-01   2.9564425e-02
  6.9303679e-01   2.8261312e-02
  7.0147850e-01   2.4957961e-02
