  0.0000000e+00   1.1997432e+01
  1.2071068e-02   1.0058923e+04
  2.3251408e-02   9.5863381e+02
  3.3071316e-02   2.6091084e+02
  4.2388540e-02   1.0612293e+02
  5.3287127e-02   5.2843449e+01
  6.3374769e-02   2.7261503e+01
  7.3373062e-02   1.6607796e+01
  8.3862812e-02   1.0781434e+01
  9.3876991e-02   7.5712566e+00
  1.0376586e-01   5.6562413e+00
  1.1341626e-01   4.2342026e+00
  1.2325692e-01   3.5023265e+00
  1.3388280e-01   2.7343044e+00
  1.4416052e-01   2.3328217e+00
  1.5388090e-01   2.0479954e+00
  1.6410125e-01   1.7925980e+00
  1.7389451e-01   1.5821320e+00
  1.8411185e-01   1.4330917e+00
  1.9420269e-01   1.3289655e+00
  2.0387838e-01   1.2370097e+00
  2.1426445e-01   1.1763867e+00
  2.2421832e-01   1.1083857e+00
  2.3386484e-01   1.0585816e+00
  2.4365149e-01   1.0016776e+00
  2.5390777e-01   9.7689706e-01
  2.6447845e-01   9.3893714e-01
  2.7438473e-01   9.2173252e-01
  2.8406375e-01   9.1108142e-01
  2.9398167e-01   8.5976305e-01
  3.0393219e-01   8.5858440e-01
  3.1422076e-01   8.3674463e-01
  3.2428917e-01   8.2994242e-01
  3.3446410e-01   7.9873221e-01
  3.4456997e-01   8.0374779e-01
  3.5429510e-01   7.9502166e-01
  3.6412164e-01   7.6873885e-01
  3.7398411e-01   7.7680791e-01
  3.8443008e-01   7.4598696e-01
  3.9457947e-01   7.5247240e-01
  4.0408038e-01   7.5307552e-01
  4.1404548e-01   7.3208008e-01
  4.2418608e-01   7.2762673e-01
  4.3445029e-01   7.1954377e-01
  4.4458407e-01   7.2466121e-01
  4.5433794e-01   7.1116478e-01
  4.6417242e-01   6.9949078e-01
  4.7412647e-01   7.0682776e-01
  4.8419259e-01   6.9524138e-01
  4.9417771e-01   6.9617325e-01
  5.0459614e-01   6.5203791e-01
  5.1500546e-01   5.7347653e-01
  5.2466725e-01   5.5016638e-01
  5.3450280e-01   5.3704136e-01
  5.4442274e-01   5.3669065e-01
  5.5468065e-01   5.3376327e-01
  5.6500035e-01   5.2660548e-01
  5.7472267e-01   5.1974535e-01
  5.8450014e-01   5.2011267e-01
  5.9443642e-01   5.2453965e-01
  6.0471646e-01   5.1384448e-01
  6.1475321e-01   5.1499725e-01
  6.2477433e-01   5.1429370e-01
  6.3495837e-01   5.1716747e-01
  6.4411762e-01   5.1247713e-01
  6.5458975e-01   5.0599771e-01
  6.6515647e-01   5.1178936e-01
  6.7517831e-01   5.1015213e-01
  6.8602720e-01   5.1342519e-01
  6.9303679e-01   5.1675837e-01
  7.0147850e-01   5.1036115e-01
