  0.0000000e+00   3.9102276e+04
  1.2071068e-02   7.7689782e+03
  2.3251408e-02   1.9700619e+03
  3.3071316e-02   9.1929165e+02
  4.2388540e-02   5.5041088e+02
  5.3287127e-02   3.5081287e+02
  6.3374769e-02   2.3968904e+02
  7.3373062e-02   1.7850565e+02
  8.3862812e-02   1.3437326e+02
  9.3876991e-02   1.0435579e+02
  1.0376586e-01   8.3316145e+01
  1.1341626e-01   6.8768986e+01
  1.2325692e-01   5.7396363e+01
  1.3388280e-01   4.7688925e+01
  1.4416052e-01   3.9722603e+01
  1.5388090e-01   3.4394720e+01
  1.6410125e-01   2.8887060e+01
  1.7389451e-01   2.5289724e+01
  1.8411185e-01   2.1873762e+01
  1.9420269e-01   1.8981700e+01
  2.0387838e-01   1.6627594e+01
  2.1426445e-01   1.4536295e+01
  2.2421832e-01   1.2644546e+01
  2.3386484e-01   1.1199683e+01
  2.4365149e-01   9.8460657e+00
  2.5390777e-01   8.6649912e+00
  2.6447845e-01   7.6349317e+00
  2.7438473e-01   6.7485438e+00
  2.8406375e-01   6.0010744e+00
  2.9398167e-01   5.3255425e+00
  3.0393219e-01   4.7114953e+00
  3.1422076e-01   4.1359082e+00
  3.2428917e-01   3.7102123e+00
  3.3446410e-01   3.2666148e+00
  3.4456997e-01   2.8972948e+00
  3.5429510e-01   2.5725980e+00
  3.6412164e-01   2.3065568e+00
  3.7398411e-01   2.0422419e+00
  3.8443008e-01   1.7992853e+00
  3.9457947e-01   1.5762874e+00
  4.0408038e-01   1.4066317e+00
  4.1404548e-01   1.2445946e+00
  4.2418608e-01   1.1015861e+00
  4.3445029e-01   9.6725947e-01
  4.4458407e-01   8.5951716e-01
  4.5433794e-01   7.5509744e-01
  4.6417242e-01   6.6677988e-01
  4.7412647e-01   5.8678927e-01
  4.8419259e-01   5.1903150e-01
  4.9417771e-01   4.5868612e-01
  5.0459614e-01   3.9916383e-01
  5.1500546e-01   3.4686135e-01
  5.2466725e-01   3.0081992e-01
  5.3450280e-01   2.6794549e-01
  5.4442274e-01   2.3585296e-01
  5.5468065e-01   2.0396612e-01
  5.6500035e-01   1.7839668e-01
  5.7472267e-01   1.5421343e-01
  5.8450014e-01   1.3465625e-01
  5.9443642e-01   1.1933481e-01
  6.0471646e-01   1.0213121e-01
  6.1475321e-01   8.8353867e-02
  6.2477433e-01   7.6230618e-02
  6.3495837e-01   6.6037449e-02
  6.4411762e-01   5.8059459e-02
  6.5458975e-01   4.9492112e-02
  6.6515647e-01   4.1522347e-02
  6.7517831e-01   3.5640806e-02
  6.8602720e-01   2.9564507e-02
  6.9303679e-01   2.8261323e-02
  7.0147850e-01   2.4957905e-02
