  0.0000000e+00             nan
  1.2071068e-02             nan
  2.3251408e-02             nan
  3.3071316e-02             nan
  4.2388540e-02             nan
  5.3287127e-02             nan
  6.3374769e-02             nan
  7.3373062e-02             nan
  8.3862812e-02             nan
  9.3876991e-02             nan
  1.0376586e-01             nan
  1.1341626e-01             nan
  1.2325692e-01             nan
  1.3388280e-01             nan
  1.4416052e-01             nan
  1.5388090e-01             nan
  1.6410125e-01             nan
  1.7389451e-01             nan
  1.8411185e-01             nan
  1.9420269e-01             nan
  2.0387838e-01             nan
  2.1426445e-01             nan
  2.2421832e-01             nan
  2.3386484e-01             nan
  2.4365149e-01             nan
  2.5390777e-01             nan
  2.6447845e-01             nan
  2.7438473e-01             nan
  2.8406375e-01             nan
  2.9398167e-01             nan
  3.0393219e-01             nan
  3.1422076e-01             nan
  3.2428917e-01             nan
  3.3446410e-01             nan
  3.4456997e-01             nan
  3.5429510e-01             nan
  3.6412164e-01             nan
  3.7398411e-01             nan
  3.8443008e-01             nan
  3.9457947e-01             nan
  4.0408038e-01             nan
  4.1404548e-01             nan
  4.2418608e-01             nan
  4.3445029e-01             nan
  4.4458407e-01             nan
  4.5433794e-01             nan
  4.6417242e-01             nan
  4.7412647e-01             nan
  4.8419259e-01             nan
  4.9417771e-01             nan
  5.0459614e-01             nan
  5.1500546e-01             nan
  5.2466725e-01             nan
  5.3450280e-01             nan
  5.4442274e-01             nan
  5.5468065e-01             nan
  5.6500035e-01             nan
  5.7472267e-01             nan
  5.8450014e-01             nan
  5.9443642e-01             nan
  6.0471646e-01             nan
  6.1475321e-01             nan
  6.2477433e-01             nan
  6.3495837e-01             nan
  6.4411762e-01             nan
  6.5458975e-01             nan
  6.6515647e-01             nan
  6.7517831e-01             nan
  6.8602720e-01             nan
  6.9303679e-01             nan
  7.0147850e-01             nan
