  0.0000000e+00   3.9049736e+04
  1.2071068e-02   7.7689130e+03
  2.3251408e-02   1.9700640e+03
  3.3071316e-02   9.1929322e+02
  4.2388540e-02   5.5041157e+02
  5.3287127e-02   3.5081343e+02
  6.3374769e-02   2.3968948e+02
  7.3373062e-02   1.7850602e+02
  8.3862812e-02   1.3437394e+02
  9.3876991e-02   1.0435711e+02
  1.0376586e-01   8.3317374e+01
  1.1341626e-01   6.8769999e+01
  1.2325692e-01   5.7396998e+01
  1.3388280e-01   4.7688963e+01
  1.4416052e-01   3.9722162e+01
  1.5388090e-01   3.4393925e+01
  1.6410125e-01   2.8886251e+01
  1.7389451e-01   2.5289066e+01
  1.8411185e-01   2.1873483e+01
  1.9420269e-01   1.8981905e+01
  2.0387838e-01   1.6628229e+01
  2.1426445e-01   1.4537077e+01
  2.2421832e-01   1.2645228e+01
  2.3386484e-01   1.1200064e+01
  2.4365149e-01   9.8460374e+00
  2.5390777e-01   8.6648734e+00
  2.6447845e-01   7.6351044e+00
  2.7438473e-01   6.7490056e+00
  2.8406375e-01   6.0012166e+00
  2.9398167e-01   5.3255657e+00
  3.0393219e-01   4.7115430e+00
  3.1422076e-01   4.1359180e+00
  3.2428917e-01   3.7101776e+00
  3.3446410e-01   3.2665465e+00
  3.4456997e-01   2.8972133e+00
  3.5429510e-01   2.5724865e+00
  3.6412164e-01   2.3064481e+00
  3.7398411e-01   2.0421366e+00
  3.8443008e-01   1.7992162e+00
  3.9457947e-01   1.5762368e+00
  4.0408038e-01   1.4066094e+00
  4.1404548e-01   1.2446008e+00
  4.2418608e-01   1.1016157e+00
  4.3445029e-01   9.6730274e-01
  4.4458407e-01   8.5955172e-01
  4.5433794e-01   7.5509454e-01
  4.6417242e-01   6.6681220e-01
  4.7412647e-01   5.8683277e-01
  4.8419259e-01   5.1903135e-01
  4.9417771e-01   4.5865231e-01
  5.0459614e-01   3.9914039e-01
  5.1500546e-01   3.4686160e-01
  5.2466725e-01   3.0082019e-01
  5.3450280e-01   2.6794566e-01
  5.4442274e-01   2.3585298e-01
  5.5468065e-01   2.0396604e-01
  5.6500035e-01   1.7839696e-01
  5.7472267e-01   1.5421351e-01
  5.8450014e-01   1.3465628e-01
  5.9443642e-01   1.1933512e-01
  6.0471646e-01   1.0213146e-01
  6.1475321e-01   8.8353974e-02
  6.2477433e-01   7.6230982e-02
  6.3495837e-01   6.6037689e-02
  6.4411762e-01   5.8059591e-02
  6.5458975e-01   4.9492091e-02
  6.6515647e-01   4.1522081e-02
  6.7517831e-01   3.5640874e-02
  6.8602720e-01   2.9564910e-02
  6.9303679e-01   2.8261417e-02
  7.0147850e-01   2.4958040e-02
