  0.0000000e+00   1.6923510e-02
  1.2071068e-02   7.7688593e+03
  2.3251408e-02   1.9700053e+03
  3.3071316e-02   9.1932582e+02
  4.2388540e-02   5.5042093e+02
  5.3287127e-02   3.5081269e+02
  6.3374769e-02   2.3968507e+02
  7.3373062e-02   1.7850511e+02
  8.3862812e-02   1.3437590e+02
  9.3876991e-02   1.0435935e+02
  1.0376586e-01   8.3319079e+01
  1.1341626e-01   6.8771330e+01
  1.2325692e-01   5.7397953e+01
  1.3388280e-01   4.7689602e+01
  1.4416052e-01   3.9722535e+01
  1.5388090e-01   3.4394106e+01
  1.6410125e-01   2.8886255e+01
  1.7389451e-01   2.5288937e+01
  1.8411185e-01   2.1873301e+01
  1.9420269e-01   1.8981610e+01
  2.0387838e-01   1.6627919e+01
  2.1426445e-01   1.4536789e+01
  2.2421832e-01   1.2644919e+01
  2.3386484e-01   1.1199738e+01
  2.4365149e-01   9.8457402e+00
  2.5390777e-01   8.6646215e+00
  2.6447845e-01   7.6349147e+00
  2.7438473e-01   6.7488558e+00
  2.8406375e-01   6.0010734e+00
  2.9398167e-01   5.3255761e+00
  3.0393219e-01   4.7115600e+00
  3.1422076e-01   4.1359812e+00
  3.2428917e-01   3.7103039e+00
  3.3446410e-01   3.2667033e+00
  3.4456997e-01   2.8973858e+00
  3.5429510e-01   2.5726941e+00
  3.6412164e-01   2.3066466e+00
  3.7398411e-01   2.0423332e+00
  3.8443008e-01   1.7993625e+00
  3.9457947e-01   1.5763669e+00
  4.0408038e-01   1.4067121e+00
  4.1404548e-01   1.2446591e+00
  4.2418608e-01   1.1016463e+00
  4.3445029e-01   9.6731203e-01
  4.4458407e-01   8.5956899e-01
  4.5433794e-01   7.5514349e-01
  4.6417242e-01   6.6681845e-01
  4.7412647e-01   5.8682502e-01
  4.8419259e-01   5.1906355e-01
  4.9417771e-01   4.5871436e-01
  5.0459614e-01   3.9917859e-01
  5.1500546e-01   3.4686337e-01
  5.2466725e-01   3.0082153e-01
  5.3450280e-01   2.6794689e-01
  5.4442274e-01   2.3585433e-01
  5.5468065e-01   2.0396726e-01
  5.6500035e-01   1.7839759e-01
  5.7472267e-01   1.5421443e-01
  5.8450014e-01   1.3465694e-01
  5.9443642e-01   1.1933536e-01
  6.0471646e-01   1.0213182e-01
  6.1475321e-01   8.8354320e-02
  6.2477433e-01   7.6231079e-02
  6.3495837e-01   6.6037755e-02
  6.4411762e-01   5.8059895e-02
  6.5458975e-01   4.9492473e-02
  6.6515647e-01   4.1522495e-02
  6.7517831e-01   3.5641095e-02
  6.8602720e-01   2.9564797e-02
  6.9303679e-01   2.8261451e-02
  7.0147850e-01   2.4958078e-02
