  0.0000000e+00   5.2640363e+07
  1.2071068e-02   1.1585159e+07
  2.3251408e-02   6.0263608e+06
  3.3071316e-02   4.6231148e+06
  4.2388540e-02   3.5309526e+06
  5.3287127e-02   1.8622035e+06
  6.3374769e-02   1.9071945e+06
  7.3373062e-02   1.2477074e+06
  8.3862812e-02   8.2330388e+05
  9.3876991e-02   5.1113911e+05
  1.0376586e-01   2.5984949e+05
  1.1341626e-01   1.7451020e+05
  1.2325692e-01   1.0804569e+05
  1.3388280e-01   8.0828827e+04
  1.4416052e-01   8.0482833e+04
  1.5388090e-01   8.5349975e+04
  1.6410125e-01   9.2535543e+04
  1.7389451e-01   1.0207669e+05
  1.8411185e-01   8.3016571e+04
  1.9420269e-01   6.3846428e+04
  2.0387838e-01   4.2746588e+04
  2.1426445e-01   2.4791202e+04
  2.2421832e-01   1.4958784e+04
  2.3386484e-01   6.3236404e+03
  2.4365149e-01   1.3853633e+03
  2.5390777e-01   1.7687299e+02
  2.6447845e-01   1.1245062e+03
  2.7438473e-01   4.2189310e+03
  2.8406375e-01   2.0430437e+04
  2.9398167e-01   1.3170025e+02
  3.0393219e-01   1.4874283e+04
  3.1422076e-01   1.7003379e+04
  3.2428917e-01   2.0051333e+04
  3.3446410e-01   1.7853309e+04
  3.4456997e-01   1.3224300e+04
  3.5429510e-01   1.0234213e+04
  3.6412164e-01   6.7714672e+03
  3.7398411e-01   6.1098103e+03
  3.8443008e-01   5.1424230e+03
  3.9457947e-01   6.0541104e+03
  4.0408038e-01   7.9197800e+03
  4.1404548e-01   8.9137098e+03
  4.2418608e-01   1.1541874e+04
  4.3445029e-01   1.0427853e+04
  4.4458407e-01   9.0931080e+03
  4.5433794e-01   6.9019921e+03
  4.6417242e-01   4.6002534e+03
  4.7412647e-01   2.8571301e+03
  4.8419259e-01   1.2487056e+03
  4.9417771e-01   3.2591755e+02
  5.0459614e-01   4.3983598e+01
  5.1500546e-01   2.3111440e+01
  5.2466725e-01   1.5438159e+01
  5.3450280e-01   1.2465200e+01
  5.4442274e-01   1.0981389e+01
  5.5468065e-01   1.1293815e+01
  5.6500035e-01   9.1418364e+00
  5.7472267e-01   9.2216832e+00
  5.8450014e-01   9.3520015e+00
  5.9443642e-01   9.4426026e+00
  6.0471646e-01   8.4208617e+00
  6.1475321e-01   8.2663644e+00
  6.2477433e-01   8.0429766e+00
  6.3495837e-01   7.5637835e+00
  6.4411762e-01   7.8149238e+00
  6.5458975e-01   6.2209609e+00
  6.6515647e-01   5.6024175e+00
  6.7517831e-01   6.2883226e+00
  6.8602720e-01   7.9919587e+00
  6.9303679e-01   9.9847029e+00
  7.0147850e-01   1.3166153e+01
