  0.0000000e+00   4.0040322e+07
  1.2071068e-02   1.0123354e+04
  2.3251408e-02   9.6074754e+02
  3.3071316e-02   2.6108320e+02
  4.2388540e-02   1.0624540e+02
  5.3287127e-02   5.4398588e+01
  6.3374769e-02   3.1680726e+01
  7.3373062e-02   2.1878644e+01
  8.3862812e-02   1.9192392e+01
  9.3876991e-02   1.4747138e+01
  1.0376586e-01   1.2517388e+01
  1.1341626e-01   1.1559149e+01
  1.2325692e-01   9.8250531e+00
  1.3388280e-01   9.4870105e+00
  1.4416052e-01   8.4884216e+00
  1.5388090e-01   7.8846659e+00
  1.6410125e-01   7.2486321e+00
  1.7389451e-01   6.7387195e+00
  1.8411185e-01   6.6091314e+00
  1.9420269e-01   6.0075650e+00
  2.0387838e-01   5.8924981e+00
  2.1426445e-01   5.2799847e+00
  2.2421832e-01   5.4395172e+00
  2.3386484e-01   5.2248583e+00
  2.4365149e-01   4.8471813e+00
  2.5390777e-01   4.6685816e+00
  2.6447845e-01   4.3226832e+00
  2.7438473e-01   4.5277934e+00
  2.8406375e-01   4.3282337e+00
  2.9398167e-01   3.9514009e+00
  3.0393219e-01   3.9976313e+00
  3.1422076e-01   3.7537500e+00
  3.2428917e-01   3.8123935e+00
  3.3446410e-01   3.5447843e+00
  3.4456997e-01   3.5418058e+00
  3.5429510e-01   3.7308323e+00
  3.6412164e-01   3.3702785e+00
  3.7398411e-01   3.4166301e+00
  3.8443008e-01   3.0568651e+00
  3.9457947e-01   3.2313022e+00
  4.0408038e-01   3.2797410e+00
  4.1404548e-01   2.9753736e+00
  4.2418608e-01   2.9873908e+00
  4.3445029e-01   2.7418454e+00
  4.4458407e-01   2.9019684e+00
  4.5433794e-01   2.8769364e+00
  4.6417242e-01   2.7484771e+00
  4.7412647e-01   2.7305131e+00
  4.8419259e-01   2.5827846e+00
  4.9417771e-01   2.6718490e+00
  5.0459614e-01   1.7246573e+00
  5.1500546e-01   6.5583351e-01
  5.2466725e-01   6.0096066e-01
  5.3450280e-01   5.7916116e-01
  5.4442274e-01   5.7268257e-01
  5.5468065e-01   5.6808212e-01
  5.6500035e-01   5.6082938e-01
  5.7472267e-01   5.5102719e-01
  5.8450014e-01   5.5110171e-01
  5.9443642e-01   5.5524660e-01
  6.0471646e-01   5.4442306e-01
  6.1475321e-01   5.4682454e-01
  6.2477433e-01   5.4267279e-01
  6.3495837e-01   5.4546818e-01
  6.4411762e-01   5.4161332e-01
  6.5458975e-01   5.3512669e-01
  6.6515647e-01   5.4254388e-01
  6.7517831e-01   5.3543601e-01
  6.8602720e-01   5.4492105e-01
  6.9303679e-01   5.4626364e-01
  7.0147850e-01   5.2656696e-01
