  0.0000000e+00   5.2640352e+07
  1.2071068e-02   1.5381618e+04
  2.3251408e-02   4.9795161e+03
  3.3071316e-02   3.8257618e+03
  4.2388540e-02   3.1226255e+03
  5.3287127e-02   1.8847293e+03
  6.3374769e-02   2.1122182e+03
  7.3373062e-02   1.5948719e+03
  8.3862812e-02   1.5238964e+03
  9.3876991e-02   1.9334917e+03
  1.0376586e-01   1.9844728e+03
  1.1341626e-01   2.6014078e+03
  1.2325692e-01   2.6315444e+03
  1.3388280e-01   2.7676837e+03
  1.4416052e-01   3.5569140e+03
  1.5388090e-01   3.8444206e+03
  1.6410125e-01   4.1778470e+03
  1.7389451e-01   4.5361837e+03
  1.8411185e-01   4.7411076e+03
  1.9420269e-01   5.8078274e+03
  2.0387838e-01   5.9471404e+03
  2.1426445e-01   5.6053123e+03
  2.2421832e-01   6.3622148e+03
  2.3386484e-01   6.7740235e+03
  2.4365149e-01   6.1843837e+03
  2.5390777e-01   6.0432225e+03
  2.6447845e-01   5.7774742e+03
  2.7438473e-01   6.3071064e+03
  2.8406375e-01   1.0431321e+04
  2.9398167e-01   1.5226248e+03
  3.0393219e-01   4.7803140e+03
  3.1422076e-01   4.1851832e+03
  3.2428917e-01   3.9033988e+03
  3.3446410e-01   3.1614739e+03
  3.4456997e-01   2.9473387e+03
  3.5429510e-01   2.8634445e+03
  3.6412164e-01   2.3181006e+03
  3.7398411e-01   2.1652694e+03
  3.8443008e-01   1.7363404e+03
  3.9457947e-01   1.7875545e+03
  4.0408038e-01   1.8466612e+03
  4.1404548e-01   1.4479988e+03
  4.2418608e-01   1.3762249e+03
  4.3445029e-01   1.2572330e+03
  4.4458407e-01   1.2375437e+03
  4.5433794e-01   1.2268586e+03
  4.6417242e-01   1.1102904e+03
  4.7412647e-01   1.0971164e+03
  4.8419259e-01   1.0027248e+03
  4.9417771e-01   1.0456404e+03
  5.0459614e-01   5.1335107e+02
  5.1500546e-01   3.1660975e+01
  5.2466725e-01   2.8819229e+01
  5.3450280e-01   2.7376346e+01
  5.4442274e-01   2.6624330e+01
  5.5468065e-01   2.5386751e+01
  5.6500035e-01   2.4705834e+01
  5.7472267e-01   2.3241272e+01
  5.8450014e-01   2.1711529e+01
  5.9443642e-01   2.0812523e+01
  6.0471646e-01   1.9195320e+01
  6.1475321e-01   1.8566763e+01
  6.2477433e-01   1.7831326e+01
  6.3495837e-01   1.7151159e+01
  6.4411762e-01   1.6579828e+01
  6.5458975e-01   1.6405071e+01
  6.6515647e-01   1.5987327e+01
  6.7517831e-01   1.5851670e+01
  6.8602720e-01   1.5965468e+01
  6.9303679e-01   1.4955781e+01
  7.0147850e-01   1.5279471e+01
