  0.0000000e+00   5.2630260e+07
  1.2071068e-02   1.0150893e+04
  2.3251408e-02   1.8571910e+03
  3.3071316e-02   1.2285785e+03
  4.2388540e-02   9.5530063e+02
  5.3287127e-02   6.1348675e+02
  6.3374769e-02   6.4861536e+02
  7.3373062e-02   4.8221461e+02
  8.3862812e-02   4.1389462e+02
  9.3876991e-02   4.0390587e+02
  1.0376586e-01   3.3270793e+02
  1.1341626e-01   3.4048328e+02
  1.2325692e-01   2.5287283e+02
  1.3388280e-01   2.2482720e+02
  1.4416052e-01   2.3402291e+02
  1.5388090e-01   2.1564175e+02
  1.6410125e-01   1.8619587e+02
  1.7389451e-01   1.7986481e+02
  1.8411185e-01   1.5958341e+02
  1.9420269e-01   1.5999564e+02
  2.0387838e-01   1.4553969e+02
  2.1426445e-01   1.2759562e+02
  2.2421832e-01   1.3178830e+02
  2.3386484e-01   1.2425696e+02
  2.4365149e-01   1.1945641e+02
  2.5390777e-01   1.0380510e+02
  2.6447845e-01   9.6957261e+01
  2.7438473e-01   9.7525799e+01
  2.8406375e-01   1.0208008e+02
  2.9398167e-01   7.7203082e+01
  3.0393219e-01   8.2726444e+01
  3.1422076e-01   7.5951901e+01
  3.2428917e-01   7.4650193e+01
  3.3446410e-01   6.7372196e+01
  3.4456997e-01   6.7135857e+01
  3.5429510e-01   7.0953430e+01
  3.6412164e-01   6.1539267e+01
  3.7398411e-01   6.3938484e+01
  3.8443008e-01   5.3466405e+01
  3.9457947e-01   5.8762711e+01
  4.0408038e-01   5.8251454e+01
  4.1404548e-01   5.0313678e+01
  4.2418608e-01   5.0874678e+01
  4.3445029e-01   4.6049184e+01
  4.4458407e-01   4.8788460e+01
  4.5433794e-01   4.8495075e+01
  4.6417242e-01   4.3994235e+01
  4.7412647e-01   4.5601109e+01
  4.8419259e-01   4.1736895e+01
  4.9417771e-01   4.4228487e+01
  5.0459614e-01   2.2524260e+01
  5.1500546e-01   1.6215644e+00
  5.2466725e-01   1.4449165e+00
  5.3450280e-01   1.3329825e+00
  5.4442274e-01   1.3006908e+00
  5.5468065e-01   1.2669400e+00
  5.6500035e-01   1.2425482e+00
  5.7472267e-01   1.2136001e+00
  5.8450014e-01   1.2131137e+00
  5.9443642e-01   1.1927945e+00
  6.0471646e-01   1.1657583e+00
  6.1475321e-01   1.1646368e+00
  6.2477433e-01   1.1688949e+00
  6.3495837e-01   1.1540706e+00
  6.4411762e-01   1.1397154e+00
  6.5458975e-01   1.1470614e+00
  6.6515647e-01   1.1307698e+00
  6.7517831e-01   1.1204776e+00
  6.8602720e-01   1.1746834e+00
  6.9303679e-01   1.1312498e+00
  7.0147850e-01   1.1066502e+00
