  0.0000000e+00   5.1117287e-09
  1.2071068e-02   3.6343053e-05
  2.3251408e-02   2.9948900e-04
  3.3071316e-02   1.0472152e-03
  4.2388540e-02   2.4784692e-03
  5.3287127e-02   5.2161882e-03
  6.3374769e-02   9.8594663e-03
  7.3373062e-02   1.4970295e-02
  8.3862812e-02   2.3992208e-02
  9.3876991e-02   3.4495393e-02
  1.0376586e-01   4.6314834e-02
  1.1341626e-01   6.0065172e-02
  1.2325692e-01   7.5077703e-02
  1.3388280e-01   9.0826333e-02
  1.4416052e-01   1.0974396e-01
  1.5388090e-01   1.2756164e-01
  1.6410125e-01   1.4454426e-01
  1.7389451e-01   1.5861941e-01
  1.8411185e-01   1.7193664e-01
  1.9420269e-01   1.9097523e-01
  2.0387838e-01   2.0221041e-01
  2.1426445e-01   2.2026362e-01
  2.2421832e-01   2.3000832e-01
  2.3386484e-01   2.3877099e-01
  2.4365149e-01   2.5171831e-01
  2.5390777e-01   2.5905170e-01
  2.6447845e-01   2.7334538e-01
  2.7438473e-01   2.8091137e-01
  2.8406375e-01   2.8667550e-01
  2.9398167e-01   3.0020718e-01
  3.0393219e-01   3.0358833e-01
  3.1422076e-01   3.1529399e-01
  3.2428917e-01   3.0989705e-01
  3.3446410e-01   3.2479295e-01
  3.4456997e-01   3.3142377e-01
  3.5429510e-01   3.2958274e-01
  3.6412164e-01   3.4174777e-01
  3.7398411e-01   3.3965634e-01
  3.8443008e-01   3.5395206e-01
  3.9457947e-01   3.5093087e-01
  4.0408038e-01   3.5232693e-01
  4.1404548e-01   3.5924716e-01
  4.2418608e-01   3.6059970e-01
  4.3445029e-01   3.7214911e-01
  4.4458407e-01   3.6993283e-01
  4.5433794e-01   3.6733456e-01
  4.6417242e-01   3.7674545e-01
  4.7412647e-01   3.7965223e-01
  4.8419259e-01   3.8744116e-01
  4.9417771e-01   3.8164530e-01
  5.0459614e-01   4.0318154e-01
  5.1500546e-01   4.3926226e-01
  5.2466725e-01   4.4611240e-01
  5.3450280e-01   4.6153159e-01
  5.4442274e-01   4.7020897e-01
  5.5468065e-01   4.7619525e-01
  5.6500035e-01   4.7700149e-01
  5.7472267e-01   4.7577872e-01
  5.8450014e-01   4.8066986e-01
  5.9443642e-01   4.8709764e-01
  6.0471646e-01   4.8083543e-01
  6.1475321e-01   4.8322815e-01
  6.2477433e-01   4.8401770e-01
  6.3495837e-01   4.8885491e-01
  6.4411762e-01   4.8585349e-01
  6.5458975e-01   4.8060023e-01
  6.6515647e-01   4.8748289e-01
  6.7517831e-01   4.8664685e-01
  6.8602720e-01   4.9129496e-01
  6.9303679e-01   4.9428125e-01
  7.0147850e-01   4.8893830e-01
