  0.0000000e+00   3.7971082e-12
  1.2071068e-02   8.9296727e-05
  2.3251408e-02   8.9108731e-04
  3.3071316e-02   4.2545514e-03
  4.2388540e-02   1.4298006e-02
  5.3287127e-02   3.9048773e-02
  6.3374769e-02   9.2171912e-02
  7.3373062e-02   1.7050977e-01
  8.3862812e-02   3.1268488e-01
  9.3876991e-02   4.9938123e-01
  1.0376586e-01   7.0701396e-01
  1.1341626e-01   1.0056497e+00
  1.2325692e-01   1.2681746e+00
  1.3388280e-01   1.6120097e+00
  1.4416052e-01   1.8974565e+00
  1.5388090e-01   2.1713354e+00
  1.6410125e-01   2.3566901e+00
  1.7389451e-01   2.5661151e+00
  1.8411185e-01   2.6648977e+00
  1.9420269e-01   2.7833748e+00
  2.0387838e-01   2.7859207e+00
  2.1426445e-01   2.7971227e+00
  2.2421832e-01   2.7239619e+00
  2.3386484e-01   2.6303843e+00
  2.4365149e-01   2.5938176e+00
  2.5390777e-01   2.4089409e+00
  2.6447845e-01   2.3547906e+00
  2.7438473e-01   2.1901843e+00
  2.8406375e-01   2.0314122e+00
  2.9398167e-01   2.0111750e+00
  3.0393219e-01   1.8084040e+00
  3.1422076e-01   1.6934621e+00
  3.2428917e-01   1.5213425e+00
  3.3446410e-01   1.4522642e+00
  3.4456997e-01   1.3142672e+00
  3.5429510e-01   1.1826005e+00
  3.6412164e-01   1.1321961e+00
  3.7398411e-01   9.8957033e-01
  3.8443008e-01   9.4036699e-01
  3.9457947e-01   8.1909500e-01
  4.0408038e-01   7.3290520e-01
  4.1404548e-01   6.8361506e-01
  4.2418608e-01   6.0905445e-01
  4.3445029e-01   5.5788660e-01
  4.4458407e-01   4.9232341e-01
  4.5433794e-01   4.3795734e-01
  4.6417242e-01   4.0274564e-01
  4.7412647e-01   3.5296262e-01
  4.8419259e-01   3.2523077e-01
  4.9417771e-01   2.8181236e-01
  5.0459614e-01   2.7077396e-01
  5.1500546e-01   2.7454901e-01
  5.2466725e-01   2.4858763e-01
  5.3450280e-01   2.3361260e-01
  5.4442274e-01   2.0918997e-01
  5.5468065e-01   1.8387344e-01
  5.6500035e-01   1.6321615e-01
  5.7472267e-01   1.4251690e-01
  5.8450014e-01   1.2574375e-01
  5.9443642e-01   1.1205851e-01
  6.0471646e-01   9.6572658e-02
  6.1475321e-01   8.3656951e-02
  6.2477433e-01   7.2512897e-02
  6.3495837e-01   6.3178917e-02
  6.4411762e-01   5.5698263e-02
  6.5458975e-01   4.7607593e-02
  6.6515647e-01   4.0215692e-02
  6.7517831e-01   3.4503742e-02
  6.8602720e-01   2.8618678e-02
  6.9303679e-01   2.7616669e-02
  7.0147850e-01   2.4157821e-02
