  0.0000000e+00   5.2066121e+07
  1.2071068e-02   1.0133382e+04
  2.3251408e-02   9.6236240e+02
  3.3071316e-02   3.1459657e+02
  4.2388540e-02   1.8462131e+02
  5.3287127e-02   1.2156179e+02
  6.3374769e-02   1.0563050e+02
  7.3373062e-02   8.0334005e+01
  8.3862812e-02   6.9873698e+01
  9.3876991e-02   6.5269396e+01
  1.0376586e-01   5.4087214e+01
  1.1341626e-01   5.6133857e+01
  1.2325692e-01   4.4396065e+01
  1.3388280e-01   3.9772082e+01
  1.4416052e-01   4.0395354e+01
  1.5388090e-01   3.6851968e+01
  1.6410125e-01   3.3819960e+01
  1.7389451e-01   3.1925488e+01
  1.8411185e-01   2.9532120e+01
  1.9420269e-01   2.8291575e+01
  2.0387838e-01   2.7570094e+01
  2.1426445e-01   2.4115520e+01
  2.2421832e-01   2.5508983e+01
  2.3386484e-01   2.4287137e+01
  2.4365149e-01   2.3037092e+01
  2.5390777e-01   2.0722559e+01
  2.6447845e-01   1.9299215e+01
  2.7438473e-01   2.0434479e+01
  2.8406375e-01   1.9939228e+01
  2.9398167e-01   1.7874168e+01
  3.0393219e-01   1.8196089e+01
  3.1422076e-01   1.6471795e+01
  3.2428917e-01   1.6939151e+01
  3.3446410e-01   1.5721832e+01
  3.4456997e-01   1.5649482e+01
  3.5429510e-01   1.6421082e+01
  3.6412164e-01   1.4538145e+01
  3.7398411e-01   1.5557686e+01
  3.8443008e-01   1.3229534e+01
  3.9457947e-01   1.4289387e+01
  4.0408038e-01   1.4292252e+01
  4.1404548e-01   1.2527935e+01
  4.2418608e-01   1.2762900e+01
  4.3445029e-01   1.1515926e+01
  4.4458407e-01   1.2433027e+01
  4.5433794e-01   1.2411380e+01
  4.6417242e-01   1.1411468e+01
  4.7412647e-01   1.1826629e+01
  4.8419259e-01   1.0745548e+01
  4.9417771e-01   1.1502893e+01
  5.0459614e-01   6.1940377e+00
  5.1500546e-01   8.5344354e-01
  5.2466725e-01   7.7064677e-01
  5.3450280e-01   7.2813205e-01
  5.4442274e-01   7.2040359e-01
  5.5468065e-01   7.0963681e-01
  5.6500035e-01   7.0213686e-01
  5.7472267e-01   6.8714247e-01
  5.8450014e-01   6.8640685e-01
  5.9443642e-01   6.8515012e-01
  6.0471646e-01   6.7155741e-01
  6.1475321e-01   6.7608492e-01
  6.2477433e-01   6.7332424e-01
  6.3495837e-01   6.7464911e-01
  6.4411762e-01   6.6831535e-01
  6.5458975e-01   6.6386911e-01
  6.6515647e-01   6.7109181e-01
  6.7517831e-01   6.5880135e-01
  6.8602720e-01   6.7966433e-01
  6.9303679e-01   6.6914109e-01
  7.0147850e-01   6.4647256e-01
