  0.0000000e+00   5.1117287e-09
  1.2071068e-02   1.4569595e-01
  2.3251408e-02   1.2620607e+00
  3.3071316e-02   1.6043187e+01
  4.2388540e-02   9.7039387e+01
  5.3287127e-02   2.5986100e+02
  6.3374769e-02   1.0283871e+03
  7.3373062e-02   2.1289797e+03
  8.3862812e-02   3.7696024e+03
  9.3876991e-02   5.5854591e+03
  1.0376586e-01   5.9223889e+03
  1.1341626e-01   7.4419689e+03
  1.2325692e-01   7.0722296e+03
  1.3388280e-01   6.8073332e+03
  1.4416052e-01   7.1208824e+03
  1.5388090e-01   6.8688923e+03
  1.6410125e-01   6.4041086e+03
  1.7389451e-01   5.8436603e+03
  1.8411185e-01   5.1148707e+03
  1.9420269e-01   5.1895179e+03
  2.0387838e-01   4.5516347e+03
  2.1426445e-01   3.5804250e+03
  2.2421832e-01   3.4940298e+03
  2.3386484e-01   3.2431931e+03
  2.4365149e-01   2.6038418e+03
  2.5390777e-01   2.1897932e+03
  2.6447845e-01   1.8829366e+03
  2.7438473e-01   1.8761525e+03
  2.8406375e-01   2.8526130e+03
  2.9398167e-01   3.3449679e+02
  3.0393219e-01   1.2710245e+03
  3.1422076e-01   1.1011192e+03
  3.2428917e-01   1.0647454e+03
  3.3446410e-01   8.8089068e+02
  3.4456997e-01   8.2172214e+02
  3.5429510e-01   8.3758593e+02
  3.6412164e-01   6.7418861e+02
  3.7398411e-01   6.3419273e+02
  3.8443008e-01   5.0705915e+02
  3.9457947e-01   5.5844128e+02
  4.0408038e-01   5.7135364e+02
  4.1404548e-01   4.5353868e+02
  4.2418608e-01   4.4126136e+02
  4.3445029e-01   3.9362570e+02
  4.4458407e-01   4.0784013e+02
  4.5433794e-01   4.0306886e+02
  4.6417242e-01   3.7272569e+02
  4.7412647e-01   3.6367939e+02
  4.8419259e-01   3.3609472e+02
  4.9417771e-01   3.4818044e+02
  5.0459614e-01   1.7304012e+02
  5.1500546e-01   9.0490414e+00
  5.2466725e-01   8.2637664e+00
  5.3450280e-01   7.3446174e+00
  5.4442274e-01   6.9511803e+00
  5.5468065e-01   6.4899245e+00
  5.6500035e-01   6.0875367e+00
  5.7472267e-01   5.7467979e+00
  5.8450014e-01   5.4659189e+00
  5.9443642e-01   5.2603467e+00
  6.0471646e-01   4.9052698e+00
  6.1475321e-01   4.7874040e+00
  6.2477433e-01   4.6297215e+00
  6.3495837e-01   4.4815178e+00
  6.4411762e-01   4.3623673e+00
  6.5458975e-01   4.3222492e+00
  6.6515647e-01   4.2062970e+00
  6.7517831e-01   4.1792761e+00
  6.8602720e-01   4.2740617e+00
  6.9303679e-01   4.0198398e+00
  7.0147850e-01   4.1369087e+00
