  0.0000000e+00   5.2656573e+07
  1.2071068e-02   2.5896642e+04
  2.3251408e-02   7.4887232e+03
  3.3071316e-02   1.7482046e+04
  4.2388540e-02   5.6680206e+03
  5.3287127e-02   6.1499934e+03
  6.3374769e-02   4.3885434e+03
  7.3373062e-02   2.8788433e+03
  8.3862812e-02   2.7407305e+03
  9.3876991e-02   2.2240152e+03
  1.0376586e-01   1.9218224e+03
  1.1341626e-01   2.3801760e+03
  1.2325692e-01   1.6714248e+03
  1.3388280e-01   1.4724421e+03
  1.4416052e-01   1.7363598e+03
  1.5388090e-01   1.4344210e+03
  1.6410125e-01   1.4371245e+03
  1.7389451e-01   1.5781453e+03
  1.8411185e-01   1.5631854e+03
  1.9420269e-01   1.6168601e+03
  2.0387838e-01   1.6616770e+03
  2.1426445e-01   1.4433876e+03
  2.2421832e-01   1.5448944e+03
  2.3386484e-01   1.4254095e+03
  2.4365149e-01   1.3183872e+03
  2.5390777e-01   1.2447941e+03
  2.6447845e-01   1.1375279e+03
  2.7438473e-01   1.2479659e+03
  2.8406375e-01   1.3522331e+03
  2.9398167e-01   1.0967121e+03
  3.0393219e-01   1.1826319e+03
  3.1422076e-01   1.2130199e+03
  3.2428917e-01   1.3208824e+03
  3.3446410e-01   1.3535983e+03
  3.4456997e-01   1.3997804e+03
  3.5429510e-01   1.6265436e+03
  3.6412164e-01   1.5974225e+03
  3.7398411e-01   1.4747566e+03
  3.8443008e-01   1.1786285e+03
  3.9457947e-01   1.1612388e+03
  4.0408038e-01   1.0871729e+03
  4.1404548e-01   8.9730467e+02
  4.2418608e-01   9.0403339e+02
  4.3445029e-01   8.0979481e+02
  4.4458407e-01   8.8717326e+02
  4.5433794e-01   9.5976742e+02
  4.6417242e-01   1.0329119e+03
  4.7412647e-01   1.2225399e+03
  4.8419259e-01   1.2906818e+03
  4.9417771e-01   1.4445515e+03
  5.0459614e-01   7.7390929e+02
  5.1500546e-01   9.5412412e+01
  5.2466725e-01   8.4665182e+01
  5.3450280e-01   7.1010535e+01
  5.4442274e-01   7.0974540e+01
  5.5468065e-01   7.3697334e+01
  5.6500035e-01   6.8717432e+01
  5.7472267e-01   6.8041747e+01
  5.8450014e-01   6.9081322e+01
  5.9443642e-01   6.4213611e+01
  6.0471646e-01   6.8614957e+01
  6.1475321e-01   5.6543323e+01
  6.2477433e-01   5.0769449e+01
  6.3495837e-01   5.0867976e+01
  6.4411762e-01   4.8715887e+01
  6.5458975e-01   4.7879515e+01
  6.6515647e-01   5.1607090e+01
  6.7517831e-01   6.0184193e+01
  6.8602720e-01   7.3159255e+01
  6.9303679e-01   6.0290868e+01
  7.0147850e-01   2.5943261e+01
