  0.0000000e+00   3.9102458e+04
  1.2071068e-02   7.7688692e+03
  2.3251408e-02   1.9700794e+03
  3.3071316e-02   9.1930044e+02
  4.2388540e-02   5.5041521e+02
  5.3287127e-02   3.5081489e+02
  6.3374769e-02   2.3969051e+02
  7.3373062e-02   1.7850660e+02
  8.3862812e-02   1.3437430e+02
  9.3876991e-02   1.0435734e+02
  1.0376586e-01   8.3317486e+01
  1.1341626e-01   6.8770020e+01
  1.2325692e-01   5.7396999e+01
  1.3388280e-01   4.7688918e+01
  1.4416052e-01   3.9722092e+01
  1.5388090e-01   3.4393821e+01
  1.6410125e-01   2.8886097e+01
  1.7389451e-01   2.5288886e+01
  1.8411185e-01   2.1873319e+01
  1.9420269e-01   1.8981689e+01
  2.0387838e-01   1.6628004e+01
  2.1426445e-01   1.4536858e+01
  2.2421832e-01   1.2645001e+01
  2.3386484e-01   1.1199796e+01
  2.4365149e-01   9.8457955e+00
  2.5390777e-01   8.6646539e+00
  2.6447845e-01   7.6349080e+00
  2.7438473e-01   6.7488372e+00
  2.8406375e-01   6.0010124e+00
  2.9398167e-01   5.3255381e+00
  3.0393219e-01   4.7114952e+00
  3.1422076e-01   4.1359114e+00
  3.2428917e-01   3.7102160e+00
  3.3446410e-01   3.2666177e+00
  3.4456997e-01   2.8972986e+00
  3.5429510e-01   2.5726009e+00
  3.6412164e-01   2.3065590e+00
  3.7398411e-01   2.0422444e+00
  3.8443008e-01   1.7992877e+00
  3.9457947e-01   1.5762888e+00
  4.0408038e-01   1.4066327e+00
  4.1404548e-01   1.2445954e+00
  4.2418608e-01   1.1015872e+00
  4.3445029e-01   9.6726061e-01
  4.4458407e-01   8.5951831e-01
  4.5433794e-01   7.5509830e-01
  4.6417242e-01   6.6678060e-01
  4.7412647e-01   5.8679000e-01
  4.8419259e-01   5.1903201e-01
  4.9417771e-01   4.5868636e-01
  5.0459614e-01   3.9916421e-01
  5.1500546e-01   3.4686174e-01
  5.2466725e-01   3.0082012e-01
  5.3450280e-01   2.6794570e-01
  5.4442274e-01   2.3585319e-01
  5.5468065e-01   2.0396635e-01
  5.6500035e-01   1.7839686e-01
  5.7472267e-01   1.5421361e-01
  5.8450014e-01   1.3465640e-01
  5.9443642e-01   1.1933493e-01
  6.0471646e-01   1.0213131e-01
  6.1475321e-01   8.8353961e-02
  6.2477433e-01   7.6230700e-02
  6.3495837e-01   6.6037521e-02
  6.4411762e-01   5.8059521e-02
  6.5458975e-01   4.9492166e-02
  6.6515647e-01   4.1522393e-02
  6.7517831e-01   3.5640844e-02
  6.8602720e-01   2.9564541e-02
  6.9303679e-01   2.8261353e-02
  7.0147850e-01   2.4957933e-02
