  0.0000000e+00   5.2640363e+07
  1.2071068e-02   1.4094424e+04
  2.3251408e-02   1.5126094e+03
  3.3071316e-02   4.4860539e+02
  4.2388540e-02   2.6178776e+02
  5.3287127e-02   2.6897802e+02
  6.3374769e-02   1.8775895e+03
  7.3373062e-02   5.8433168e+02
  8.3862812e-02   2.3196793e+02
  9.3876991e-02   2.0183430e+02
  1.0376586e-01   2.8093938e+02
  1.1341626e-01   1.9483167e+02
  1.2325692e-01   2.3181169e+02
  1.3388280e-01   2.3854060e+02
  1.4416052e-01   1.7814670e+02
  1.5388090e-01   1.7573274e+02
  1.6410125e-01   1.7739981e+02
  1.7389451e-01   1.8452611e+02
  1.8411185e-01   2.9573802e+02
  1.9420269e-01   2.3699353e+02
  2.0387838e-01   1.3043049e+02
  2.1426445e-01   9.9138136e+01
  2.2421832e-01   7.6737113e+01
  2.3386484e-01   7.4410529e+01
  2.4365149e-01   6.7914561e+01
  2.5390777e-01   1.1047474e+02
  2.6447845e-01   9.4656592e+01
  2.7438473e-01   6.9405089e+01
  2.8406375e-01   7.0773840e+01
  2.9398167e-01   7.7388192e+01
  3.0393219e-01   8.3165767e+01
  3.1422076e-01   1.1514869e+02
  3.2428917e-01   1.2109007e+02
  3.3446410e-01   1.1247537e+02
  3.4456997e-01   1.0766022e+02
  3.5429510e-01   1.0370958e+02
  3.6412164e-01   8.8928151e+01
  3.7398411e-01   9.8053839e+01
  3.8443008e-01   8.3129985e+01
  3.9457947e-01   7.8670019e+01
  4.0408038e-01   7.6628915e+01
  4.1404548e-01   6.9006014e+01
  4.2418608e-01   7.2744885e+01
  4.3445029e-01   8.1366831e+01
  4.4458407e-01   8.9027854e+01
  4.5433794e-01   7.0520120e+01
  4.6417242e-01   5.9533693e+01
  4.7412647e-01   5.5361252e+01
  4.8419259e-01   4.5368913e+01
  4.9417771e-01   4.3256877e+01
  5.0459614e-01   4.0965560e+01
  5.1500546e-01   2.1511774e+01
  5.2466725e-01   2.1011306e+01
  5.3450280e-01   2.3152139e+01
  5.4442274e-01   1.9480098e+01
  5.5468065e-01   2.6693913e+01
  5.6500035e-01   2.3318284e+01
  5.7472267e-01   2.0340738e+01
  5.8450014e-01   1.9523696e+01
  5.9443642e-01   1.4480878e+01
  6.0471646e-01   1.1321212e+01
  6.1475321e-01   9.5230195e+00
  6.2477433e-01   1.1272814e+01
  6.3495837e-01   8.1445427e+00
  6.4411762e-01   1.0950846e+01
  6.5458975e-01   1.0854882e+01
  6.6515647e-01   7.3984183e+00
  6.7517831e-01   5.9199346e+00
  6.8602720e-01   7.4148157e+00
  6.9303679e-01   9.5048781e+00
  7.0147850e-01   1.2972157e+01
