  0.0000000e+00   5.2640363e+07
  1.2071068e-02   1.4093441e+04
  2.3251408e-02   1.5122220e+03
  3.3071316e-02   4.4833662e+02
  4.2388540e-02   2.6171818e+02
  5.3287127e-02   2.6894258e+02
  6.3374769e-02   1.8774361e+03
  7.3373062e-02   5.8430545e+02
  8.3862812e-02   2.3196170e+02
  9.3876991e-02   2.0182955e+02
  1.0376586e-01   2.8093143e+02
  1.1341626e-01   1.9482681e+02
  1.2325692e-01   2.3180347e+02
  1.3388280e-01   2.3853440e+02
  1.4416052e-01   1.7814550e+02
  1.5388090e-01   1.7573086e+02
  1.6410125e-01   1.7739714e+02
  1.7389451e-01   1.8452385e+02
  1.8411185e-01   2.9573558e+02
  1.9420269e-01   2.3697857e+02
  2.0387838e-01   1.3042846e+02
  2.1426445e-01   9.9135856e+01
  2.2421832e-01   7.6735773e+01
  2.3386484e-01   7.4410045e+01
  2.4365149e-01   6.7913162e+01
  2.5390777e-01   1.1046577e+02
  2.6447845e-01   9.4652911e+01
  2.7438473e-01   6.9404421e+01
  2.8406375e-01   7.0772782e+01
  2.9398167e-01   7.7386871e+01
  3.0393219e-01   8.3164440e+01
  3.1422076e-01   1.1514364e+02
  3.2428917e-01   1.2108801e+02
  3.3446410e-01   1.1247470e+02
  3.4456997e-01   1.0765928e+02
  3.5429510e-01   1.0370902e+02
  3.6412164e-01   8.8927732e+01
  3.7398411e-01   9.8052864e+01
  3.8443008e-01   8.3128939e+01
  3.9457947e-01   7.8669582e+01
  4.0408038e-01   7.6628535e+01
  4.1404548e-01   6.9005417e+01
  4.2418608e-01   7.2744455e+01
  4.3445029e-01   8.1366236e+01
  4.4458407e-01   8.9025056e+01
  4.5433794e-01   7.0519255e+01
  4.6417242e-01   5.9532945e+01
  4.7412647e-01   5.5360466e+01
  4.8419259e-01   4.5368347e+01
  4.9417771e-01   4.3256330e+01
  5.0459614e-01   4.0963947e+01
  5.1500546e-01   2.1510862e+01
  5.2466725e-01   2.1010688e+01
  5.3450280e-01   2.3151817e+01
  5.4442274e-01   1.9479793e+01
  5.5468065e-01   2.6693542e+01
  5.6500035e-01   2.3317925e+01
  5.7472267e-01   2.0340455e+01
  5.8450014e-01   1.9523427e+01
  5.9443642e-01   1.4480523e+01
  6.0471646e-01   1.1320859e+01
  6.1475321e-01   9.5227143e+00
  6.2477433e-01   1.1272545e+01
  6.3495837e-01   8.1441670e+00
  6.4411762e-01   1.0950444e+01
  6.5458975e-01   1.0854685e+01
  6.6515647e-01   7.3982275e+00
  6.7517831e-01   5.9197053e+00
  6.8602720e-01   7.4146344e+00
  6.9303679e-01   9.5047762e+00
  7.0147850e-01   1.2972134e+01
