  0.0000000e+00   7.0120159e-03
  1.2071068e-02   7.5903024e+03
  2.3251408e-02   1.9697319e+03
  3.3071316e-02   9.1919365e+02
  4.2388540e-02   5.5041413e+02
  5.3287127e-02   3.5081154e+02
  6.3374769e-02   2.3970203e+02
  7.3373062e-02   1.7849882e+02
  8.3862812e-02   1.3438288e+02
  9.3876991e-02   1.0435147e+02
  1.0376586e-01   8.3318498e+01
  1.1341626e-01   6.8771005e+01
  1.2325692e-01   5.7398379e+01
  1.3388280e-01   4.7688418e+01
  1.4416052e-01   3.9721940e+01
  1.5388090e-01   3.4393950e+01
  1.6410125e-01   2.8886213e+01
  1.7389451e-01   2.5288773e+01
  1.8411185e-01   2.1873392e+01
  1.9420269e-01   1.8981676e+01
  2.0387838e-01   1.6627924e+01
  2.1426445e-01   1.4536807e+01
  2.2421832e-01   1.2645062e+01
  2.3386484e-01   1.1199876e+01
  2.4365149e-01   9.8458870e+00
  2.5390777e-01   8.6646160e+00
  2.6447845e-01   7.6348368e+00
  2.7438473e-01   6.7489025e+00
  2.8406375e-01   6.0009232e+00
  2.9398167e-01   5.3256172e+00
  3.0393219e-01   4.7114488e+00
  3.1422076e-01   4.1359514e+00
  3.2428917e-01   3.7102181e+00
  3.3446410e-01   3.2666149e+00
  3.4456997e-01   2.8973056e+00
  3.5429510e-01   2.5725896e+00
  3.6412164e-01   2.3065719e+00
  3.7398411e-01   2.0422616e+00
  3.8443008e-01   1.7992898e+00
  3.9457947e-01   1.5762718e+00
  4.0408038e-01   1.4066144e+00
  4.1404548e-01   1.2445919e+00
  4.2418608e-01   1.1015885e+00
  4.3445029e-01   9.6725996e-01
  4.4458407e-01   8.5951843e-01
  4.5433794e-01   7.5510459e-01
  4.6417242e-01   6.6678978e-01
  4.7412647e-01   5.8679325e-01
  4.8419259e-01   5.1903027e-01
  4.9417771e-01   4.5868700e-01
  5.0459614e-01   3.9916120e-01
  5.1500546e-01   3.4685928e-01
  5.2466725e-01   3.0081783e-01
  5.3450280e-01   2.6794505e-01
  5.4442274e-01   2.3585569e-01
  5.5468065e-01   2.0396753e-01
  5.6500035e-01   1.7839750e-01
  5.7472267e-01   1.5421255e-01
  5.8450014e-01   1.3465619e-01
  5.9443642e-01   1.1933476e-01
  6.0471646e-01   1.0213132e-01
  6.1475321e-01   8.8353868e-02
  6.2477433e-01   7.6230706e-02
  6.3495837e-01   6.6037438e-02
  6.4411762e-01   5.8060313e-02
  6.5458975e-01   4.9492097e-02
  6.6515647e-01   4.1522705e-02
  6.7517831e-01   3.5640675e-02
  6.8602720e-01   2.9565556e-02
  6.9303679e-01   2.8260636e-02
  7.0147850e-01   2.4959653e-02
