  0.0000000e+00   5.2640363e+07
  1.2071068e-02   1.1704369e+07
  2.3251408e-02   6.2579359e+06
  3.3071316e-02   5.0371011e+06
  4.2388540e-02   4.1326981e+06
  5.3287127e-02   2.3751498e+06
  6.3374769e-02   2.7196773e+06
  7.3373062e-02   2.0225411e+06
  8.3862812e-02   1.5173485e+06
  9.3876991e-02   1.0887684e+06
  1.0376586e-01   6.2585419e+05
  1.1341626e-01   4.6817566e+05
  1.2325692e-01   2.8797108e+05
  1.3388280e-01   1.9208074e+05
  1.4416052e-01   1.4787902e+05
  1.5388090e-01   1.1048691e+05
  1.6410125e-01   8.3282253e+04
  1.7389451e-01   6.3664152e+04
  1.8411185e-01   4.8122115e+04
  1.9420269e-01   4.3149811e+04
  2.0387838e-01   3.4183426e+04
  2.1426445e-01   2.4724896e+04
  2.2421832e-01   2.2425392e+04
  2.3386484e-01   1.9589796e+04
  2.4365149e-01   1.4959167e+04
  2.5390777e-01   1.2060170e+04
  2.6447845e-01   9.9946828e+03
  2.7438473e-01   9.6359158e+03
  2.8406375e-01   1.4038403e+04
  2.9398167e-01   1.7137535e+03
  3.0393219e-01   6.0869789e+03
  3.1422076e-01   5.1849944e+03
  3.2428917e-01   4.9395678e+03
  3.3446410e-01   4.0322741e+03
  3.4456997e-01   3.7172621e+03
  3.5429510e-01   3.7442311e+03
  3.6412164e-01   2.9898954e+03
  3.7398411e-01   2.7927942e+03
  3.8443008e-01   2.2199803e+03
  3.9457947e-01   2.4240398e+03
  4.0408038e-01   2.4639396e+03
  4.1404548e-01   1.9514360e+03
  4.2418608e-01   1.8869188e+03
  4.3445029e-01   1.6778241e+03
  4.4458407e-01   1.7299511e+03
  4.5433794e-01   1.7030888e+03
  4.6417242e-01   1.5705706e+03
  4.7412647e-01   1.5290355e+03
  4.8419259e-01   1.4082241e+03
  4.9417771e-01   1.4564984e+03
  5.0459614e-01   7.3170603e+02
  5.1500546e-01   4.8086406e+01
  5.2466725e-01   4.0641650e+01
  5.3450280e-01   3.3098791e+01
  5.4442274e-01   3.0304648e+01
  5.5468065e-01   2.7478241e+01
  5.6500035e-01   2.5190266e+01
  5.7472267e-01   2.3345839e+01
  5.8450014e-01   2.1732324e+01
  5.9443642e-01   2.0826734e+01
  6.0471646e-01   1.9204335e+01
  6.1475321e-01   1.8572250e+01
  6.2477433e-01   1.7836541e+01
  6.3495837e-01   1.7154398e+01
  6.4411762e-01   1.6583283e+01
  6.5458975e-01   1.6408913e+01
  6.6515647e-01   1.5989046e+01
  6.7517831e-01   1.5850542e+01
  6.8602720e-01   1.5964640e+01
  6.9303679e-01   1.4956639e+01
  7.0147850e-01   1.5280385e+01
