  0.0000000e+00   1.0119610e-02
  1.2071068e-02   7.7665533e+03
  2.3251408e-02   1.9700828e+03
  3.3071316e-02   9.1930101e+02
  4.2388540e-02   5.5043367e+02
  5.3287127e-02   3.5081120e+02
  6.3374769e-02   2.3969154e+02
  7.3373062e-02   1.7850654e+02
  8.3862812e-02   1.3437228e+02
  9.3876991e-02   1.0435689e+02
  1.0376586e-01   8.3317864e+01
  1.1341626e-01   6.8770923e+01
  1.2325692e-01   5.7398003e+01
  1.3388280e-01   4.7689674e+01
  1.4416052e-01   3.9722742e+01
  1.5388090e-01   3.4394135e+01
  1.6410125e-01   2.8886194e+01
  1.7389451e-01   2.5288825e+01
  1.8411185e-01   2.1873187e+01
  1.9420269e-01   1.8981526e+01
  2.0387838e-01   1.6627803e+01
  2.1426445e-01   1.4536699e+01
  2.2421832e-01   1.2644876e+01
  2.3386484e-01   1.1199701e+01
  2.4365149e-01   9.8457203e+00
  2.5390777e-01   8.6645847e+00
  2.6447845e-01   7.6348373e+00
  2.7438473e-01   6.7487411e+00
  2.8406375e-01   6.0009159e+00
  2.9398167e-01   5.3254281e+00
  3.0393219e-01   4.7113726e+00
  3.1422076e-01   4.1357889e+00
  3.2428917e-01   3.7100818e+00
  3.3446410e-01   3.2664883e+00
  3.4456997e-01   2.8971717e+00
  3.5429510e-01   2.5724773e+00
  3.6412164e-01   2.3064511e+00
  3.7398411e-01   2.0421511e+00
  3.8443008e-01   1.7992191e+00
  3.9457947e-01   1.5762261e+00
  4.0408038e-01   1.4065799e+00
  4.1404548e-01   1.2445628e+00
  4.2418608e-01   1.1015641e+00
  4.3445029e-01   9.6724764e-01
  4.4458407e-01   8.5951251e-01
  4.5433794e-01   7.5509652e-01
  4.6417242e-01   6.6678437e-01
  4.7412647e-01   5.8679508e-01
  4.8419259e-01   5.1903831e-01
  4.9417771e-01   4.5869316e-01
  5.0459614e-01   3.9916736e-01
  5.1500546e-01   3.4686104e-01
  5.2466725e-01   3.0081950e-01
  5.3450280e-01   2.6794532e-01
  5.4442274e-01   2.3585285e-01
  5.5468065e-01   2.0396597e-01
  5.6500035e-01   1.7839661e-01
  5.7472267e-01   1.5421319e-01
  5.8450014e-01   1.3465614e-01
  5.9443642e-01   1.1933470e-01
  6.0471646e-01   1.0213116e-01
  6.1475321e-01   8.8353800e-02
  6.2477433e-01   7.6230600e-02
  6.3495837e-01   6.6037459e-02
  6.4411762e-01   5.8059361e-02
  6.5458975e-01   4.9492106e-02
  6.6515647e-01   4.1522338e-02
  6.7517831e-01   3.5640756e-02
  6.8602720e-01   2.9564565e-02
  6.9303679e-01   2.8261342e-02
  7.0147850e-01   2.4957924e-02
