  0.0000000e+00   1.6944640e+04
  1.2071068e-02   7.7690383e+03
  2.3251408e-02   1.9700103e+03
  3.3071316e-02   9.1928962e+02
  4.2388540e-02   5.5042200e+02
  5.3287127e-02   3.5082083e+02
  6.3374769e-02   2.3969611e+02
  7.3373062e-02   1.7850831e+02
  8.3862812e-02   1.3437470e+02
  9.3876991e-02   1.0435790e+02
  1.0376586e-01   8.3317965e+01
  1.1341626e-01   6.8770321e+01
  1.2325692e-01   5.7397146e+01
  1.3388280e-01   4.7688913e+01
  1.4416052e-01   3.9722014e+01
  1.5388090e-01   3.4393673e+01
  1.6410125e-01   2.8885841e+01
  1.7389451e-01   2.5288599e+01
  1.8411185e-01   2.1873015e+01
  1.9420269e-01   1.8981347e+01
  2.0387838e-01   1.6627675e+01
  2.1426445e-01   1.4536547e+01
  2.2421832e-01   1.2644678e+01
  2.3386484e-01   1.1199492e+01
  2.4365149e-01   9.8455247e+00
  2.5390777e-01   8.6644061e+00
  2.6447845e-01   7.6346986e+00
  2.7438473e-01   6.7486161e+00
  2.8406375e-01   6.0007878e+00
  2.9398167e-01   5.3254056e+00
  3.0393219e-01   4.7113477e+00
  3.1422076e-01   4.1357889e+00
  3.2428917e-01   3.7100936e+00
  3.3446410e-01   3.2665193e+00
  3.4456997e-01   2.8972041e+00
  3.5429510e-01   2.5725097e+00
  3.6412164e-01   2.3064884e+00
  3.7398411e-01   2.0421731e+00
  3.8443008e-01   1.7992368e+00
  3.9457947e-01   1.5762373e+00
  4.0408038e-01   1.4065852e+00
  4.1404548e-01   1.2445595e+00
  4.2418608e-01   1.1015532e+00
  4.3445029e-01   9.6723168e-01
  4.4458407e-01   8.5949201e-01
  4.5433794e-01   7.5507510e-01
  4.6417242e-01   6.6676112e-01
  4.7412647e-01   5.8677322e-01
  4.8419259e-01   5.1901759e-01
  4.9417771e-01   4.5867375e-01
  5.0459614e-01   3.9915754e-01
  5.1500546e-01   3.4685966e-01
  5.2466725e-01   3.0081832e-01
  5.3450280e-01   2.6794423e-01
  5.4442274e-01   2.3585178e-01
  5.5468065e-01   2.0396517e-01
  5.6500035e-01   1.7839591e-01
  5.7472267e-01   1.5421273e-01
  5.8450014e-01   1.3465563e-01
  5.9443642e-01   1.1933422e-01
  6.0471646e-01   1.0213079e-01
  6.1475321e-01   8.8353421e-02
  6.2477433e-01   7.6230285e-02
  6.3495837e-01   6.6037182e-02
  6.4411762e-01   5.8059197e-02
  6.5458975e-01   4.9491862e-02
  6.6515647e-01   4.1522210e-02
  6.7517831e-01   3.5640642e-02
  6.8602720e-01   2.9564374e-02
  6.9303679e-01   2.8261162e-02
  7.0147850e-01   2.4957756e-02
