0.000000 -1.743375
0.062791 -1.677142
0.125333 -1.604284
0.187381 -1.525090
0.248690 -1.439872
0.309017 -1.348966
0.368125 -1.252731
0.425779 -1.151547
0.481754 -1.045814
0.535827 -0.935947
0.587785 -0.822382
0.637424 -0.705566
0.684547 -0.585960
0.728969 -0.464036
0.770513 -0.340275
0.809017 -0.215167
0.844328 -0.089204
0.876307 0.037116
0.904827 0.163295
0.929776 0.288834
0.951057 0.413239
0.968583 0.536019
0.982287 0.656688
0.992115 0.774771
0.998027 0.889801
1.000000 1.001325
0.998027 1.108902
0.992115 1.212108
0.982287 1.310536
0.968583 1.403797
0.951057 1.491523
0.929776 1.573368
0.904827 1.649009
0.876307 1.718147
0.844328 1.780510
0.809017 1.835851
0.770513 1.883951
0.728969 1.924623
0.684547 1.957703
0.637424 1.983063
0.587785 2.000602
0.535827 2.010250
0.481754 2.011970
0.425779 2.005756
0.368125 1.991630
0.309017 1.969650
0.248690 1.939901
0.187381 1.902502
0.125333 1.857600
0.062791 1.805372
0.000000 1.746025
-0.062791 1.679791
-0.125333 1.606934
-0.187381 1.527740
-0.248690 1.442522
-0.309017 1.351616
-0.368125 1.255381
-0.425779 1.154197
-0.481754 1.048463
-0.535827 0.938597
-0.587785 0.825031
-0.637424 0.708215
-0.684547 0.588609
-0.728969 0.466685
-0.770513 0.342925
-0.809017 0.217817
-0.844328 0.091854
-0.876307 -0.034466
-0.904827 -0.160645
-0.929776 -0.286185
-0.951057 -0.410590
-0.968583 -0.533369
-0.982287 -0.654038
-0.992115 -0.772121
-0.998027 -0.887151
-1.000000 -0.998675
-0.998027 -1.106253
-0.992115 -1.209459
-0.982287 -1.307887
-0.968583 -1.401148
-0.951057 -1.488874
-0.929776 -1.570719
-0.904827 -1.646359
-0.876307 -1.715497
-0.844328 -1.777860
-0.809017 -1.833201
-0.770513 -1.881302
-0.728969 -1.921973
-0.684547 -1.955054
-0.637424 -1.980413
-0.587785 -1.997952
-0.535827 -2.007601
-0.481754 -2.009321
-0.425779 -2.003106
-0.368125 -1.988981
-0.309017 -1.967000
-0.248690 -1.937252
-0.187381 -1.899853
-0.125333 -1.854951
-0.062791 -1.802723
