0.000000 0.001748
0.587785 0.589533
0.951057 0.952805
0.951057 0.952805
0.587785 0.589533
0.000000 0.001748
-0.587785 -0.586037
-0.951057 -0.949308
-0.951057 -0.949308
-0.587785 -0.586037
-0.000000 0.001748
0.587785 0.589533
0.951057 0.952805
0.951057 0.952805
0.587785 0.589533
0.000000 0.001748
-0.587785 -0.586037
-0.951057 -0.949308
-0.951057 -0.949308
-0.587785 -0.586037
-0.000000 0.001748
0.587785 0.589533
0.951057 0.952805
0.951057 0.952805
0.587785 0.589533
0.000000 0.001748
-0.587785 -0.586037
-0.951057 -0.949308
-0.951057 -0.949308
-0.587785 -0.586037
-0.000000 0.001748
0.587785 0.589533
0.951057 0.952805
0.951057 0.952805
0.587785 0.589533
0.000000 0.001748
-0.587785 -0.586037
-0.951057 -0.949308
-0.951057 -0.949308
-0.587785 -0.586037
-0.000000 0.001748
0.587785 0.589533
0.951057 0.952805
0.951057 0.952805
0.587785 0.589533
0.000000 0.001748
-0.587785 -0.586037
-0.951057 -0.949308
-0.951057 -0.949308
-0.587785 -0.586037
-0.000000 0.001748
0.587785 0.589533
0.951057 0.952805
0.951057 0.952805
0.587785 0.589533
-0.000000 0.001748
-0.587785 -0.586037
-0.951057 -0.949308
-0.951057 -0.949308
-0.587785 -0.586037
-0.000000 0.001748
0.587785 0.589533
0.951057 0.952805
0.951057 0.952805
0.587785 0.589533
0.000000 0.001748
-0.587785 -0.586037
-0.951057 -0.949308
-0.951057 -0.949308
-0.587785 -0.586037
-0.000000 0.001748
0.587785 0.589533
0.951057 0.952805
0.951057 0.952805
0.587785 0.589533
0.000000 0.001748
-0.587785 -0.586037
-0.951057 -0.949308
-0.951057 -0.949308
-0.587785 -0.586037
-0.000000 0.001748
0.587785 0.589533
0.951057 0.952805
0.951057 0.952805
0.587785 0.589533
0.000000 0.001748
-0.587785 -0.586037
-0.951057 -0.949308
-0.951057 -0.949308
-0.587785 -0.586037
-0.000000 0.001748
0.587785 0.589533
0.951057 0.952805
0.951057 0.952805
0.587785 0.589533
-0.000000 0.001748
-0.587785 -0.586037
-0.951057 -0.949308
-0.951057 -0.949308
-0.587785 -0.586037
